2.10649343871649e-9

6.57377691630422e-9

7.22927501450548e-9

8.33088926126471e-9

6.05512762719173e-10

7.84913257910559e-9

1.23350784820154e-9

2.79996514471447e-7

9.18167644933959e-8

1.38218585235307e-8

8.80838481029677e-10

9.00369336681355e-9

1.30682288485332e-10

4.75010987272992e-7

7.42598577876772e-8

2.76588849214568e-6

4.62732030859188e-6

1.03760353702932e-6

1.49859230664181e-10

4.64054067163779e-8

2.03762663799353e-8

1.62365025893939e-7

6.09273479816628e-7

2.48963365587979e-7

8.12321299037204e-10

7.89133809567833e-8

1.57068139448126e-8

4.13805395655542e-7

8.43089863293799e-8

9.42151954423323e-9

6.66379113229472e-8

5.1469626623921e-7

1.36151195233856e-7

3.48592437778375e-9

5.27753051633816e-9

1.2801245498353e-10

2.76641404515642e-10

6.46292356465276e-8

1.40342396244882e-10

2.1368365811479e-7

7.95446272475825e-8

1.07943684566737e-7

4.95591521431145e-10

4.81460837346756e-7

2.85218201138776e-6

1.17584635204894e-7

2.57407141782796e-7

1.05233900207407e-12

1.66849830641963e-7

4.79310541386408e-7

