3.38606023565733e-217

5.09515717403116e-500

4.9515274548821e-467

1.15085178568522e-31

6.99149856336604e-43

1.45237785192649e-29

4.02791848736894e-1536

1.24334289441687e-10

1.48104405168469e-222

2.74386883246963e-417

3.38106386672318e-353

7.25934299498815e-46

2.11451432478395e-35

5.74523384986734e-6

1.03643767304619e-26

2.06680707049834e-17

3.52868732725065e-15

2.5688114202758e-28

2.95308484545947e-169

2.37387006974656e-101

2.61665667301092e-23

1.44863405953677e-25

1.02819280033174e-141

2.40256366001661e-105

1.14768916496207e-43

1.80050146078689e-10

1.5616147223416e-622

1.83191929629373e-16

2.53122199909316e-25

1.22151399470826e-33

3.75266700727429e-12

3.90805426867092e-1334

7.37678884394366e-15

5.25734028902696e-350

5.37738692875609e-856

2.65829364860354e-442

6.38766994791011e-17

8.13574677165427e-217

3.56331807964671e-692

2.03262441458189e-32

1.01948929466028e-20

2.83611596704962e-165

2.78254078299985e-42

2.48391690398737e-49

2.15700330200434e-13

5.11632504622814e-19

7.4997973932657e-18

6.45534351492284e-288

1.84588751660793e-28

5.63241320323932e-13

