9.46535442135368e-42

3.32391119880263e-18

0.999999999999323

0.99999999999985

6.16503343348174e-66

0.999999999999762

0.999999999999332

7.09915116276902e-7

0.99999999999985

0.999999999999687

0.999999999999888

0.999999999999613

1.02935237701544e-67

3.17695264805175e-8

6.48955386272045e-20

0.999999999999509

0.000194199471394253

0.999999999999894

0.999999999999869

0.999999999999713

4.18860329657452e-11

0.999999999999706

0.999999999999386

1.10800892879137e-50

5.30378454109144e-32

4.54972823628544e-15

0.999999999999657

0.999999999999652

0.999999999999589

2.89533191649771e-23

9.55301901320211e-15

0.999999999999254

0.999999999999902

0.999999999999687

0.999999999999493

5.36815321563253e-99

3.11915559322735e-19

1.40559721965925e-16

0.999999999999767

0.999999999999685

1.92145293225349e-5

0.999999999999401

0.999999999999939

0.999999999999517

0.999999999999864

0.999999999999758

0.999999999999729

0.999999999999955

5.81553555346305e-22

0.999999999999838

