1.31715561805434e-31

2.59799119800617e-38

4.55293054033717e-182

4.34380394322902e-12

3.81500460731408e-5

1.1959229529324e-14

5.90935370602153e-22

7.99513930398204e-20

3.86596037596207e-99

4.36520296157917e-50

1.75610523955538e-12

1.55465509212273e-103

5.2279041911629e-14

7.70042069940093e-8

4.76387469036639e-12

3.15043640157908e-51

1.38565167150249e-12

8.95152261611349e-13

3.7975603241092e-35

1.0379308629804e-25

3.99630166880281e-15

1.58081078454777e-8

2.22962784318256e-83

3.63843851834673e-84

9.96394482622954e-37

6.26969666820861e-248

4.56496448248807e-55

2.19266447013692e-157

3.31297860060594e-54

3.28232849560168e-373

4.11908661404934e-40

3.2393839889562e-11

0.124635695379214

8.26925624701299e-83

9.83848406496014e-31

5.08631624013229e-64

8.92909776553786e-15

2.00606082881022e-14

2.83004299961897e-109

4.22068675892026e-258

3.74309434767631e-435

3.33164488462159e-39

9.0018816693834e-12

3.03482938845261e-8

1.53865476414297e-29

1.76503619719528e-12

1.93435595128735e-20

4.70284586363557e-17

4.65234656056942e-7

2.70685673085681e-14

