4.0500794807193e-17

0.999999999999969

0.000463483393762619

0.999999999999621

0.999999999999626

0.999999999999943

0.999999999999933

1.4114428064009e-10

0.999999999999803

2.54176066393298e-12

0.999999999999701

0.999999999999869

0.999999999999499

0.999999999999701

2.74277849821535e-51

0.999999999999882

0.999999999999888

1.20481233002408e-17

0.999999999999807

5.8354937446629e-11

0.999999999999876

0.999999999999704

4.35400607325601e-11

5.86428557945474e-5

0.999999999999945

0.999999999999855

0.999999999999903

1.34018893584955e-5

0.999999999999477

0.999999999999945

4.03227725293084e-6

0.999999999999899

0.999999999999873

0.99999999999941

1.27091525781125e-35

0.999999999999596

0.99999999999938

0.0109403316045028

0.999999999999632

0.999999999999778

3.03644138576435e-10

0.999999999999942

0.999999999999648

0.999999999999817

6.42095469264463e-13

1.12373955777744e-8

0.999999999999764

0.999999999999854

0.999999999999365

7.60338463151672e-12

