6.16001972329147e-6

1.51425304264476e-5

1.5649848642655e-5

0.000159195433333328

5.22886226613654e-6

0.00181082909853649

0.00564222925171516

3.83395320218258e-6

0.0042983281396142

3.23506702135082e-7

1.44904221385794e-5

0.000516164950513213

3.27256139601386e-7

6.84422827210149e-6

9.56602741339733e-9

2.05917230749972e-6

3.08767693571166e-8

1.60276720615433e-8

5.17208299628404e-8

1.55735216767539e-5

3.47174131067016e-6

0.00248476727722068

6.74551214071843e-8

1.81409321508235e-6

0.0255884190614384

0.999999999999783

4.84574190238723e-5

0.000117802856401722

1.61684100726072e-6

0.00505957040334422

1.02096998850904e-6

0.0761696360429865

1.49856787218904e-6

7.78996434442005e-7

3.08244288587895e-8

4.91457854485172e-6

0.000330851343030297

0.00072826498277192

4.51362043148957e-7

0.0414896233180101

9.23189087959985e-6

2.42241244039675e-6

0.000112158821760186

1.75292336943381e-8

1.0064717592725e-7

1.69028010704237e-7

0.0164915066402737

5.2491724607494e-6

3.40123448385842e-5

3.99478968823933e-7

