3.21285413669623e-11

0.000718666225563166

9.65817956291115e-9

1.62551699049185e-5

6.76102529091615e-19

0.000241700947864121

0.0360411721160309

4.92491772047321e-7

0.000168826257727599

6.76727438703276e-11

2.10699289617787e-10

0.00349867240190537

4.32815940644629e-126

1.24247075288279e-8

2.50365518345906e-27

1.92153051300377e-12

4.65670481084959e-21

4.61363929781113e-87

3.06282583073781e-24

1.31636177235939e-8

3.50383964737585e-16

6.9470824518664e-5

1.5803405001089e-25

3.65979711478145e-14

0.0712799035640966

0.999474089762494

0.000102016343336178

1.44901656569165e-11

3.4332464081427e-190

0.00531464919276492

1.39185434339049e-7

0.389483959708463

8.79425210431641e-30

1.4917388110362e-11

4.06954478553253e-20

1.7209445003928e-12

9.18366702213692e-11

3.8973840705846e-5

3.27883953618403e-46

0.00102270268915427

1.9504448714152e-14

1.69396986710792e-7

5.38537733970766e-11

1.45439038298141e-294

8.19544788129886e-9

6.28953429879458e-44

0.0163146220457783

2.3920165723588e-18

4.33553211291676e-22

8.1351276016291e-5

