1.87447508034774e-5

0.030625870245942

1.64355356896474e-6

7.83019946046969e-9

1.59364672985548e-6

8.91609542997549e-5

2.78566905361648e-7

1.53613581501632e-7

2.02326149204203e-6

3.92153329575603e-5

3.27810701162851e-7

0.0285718819584859

2.18551477955239e-5

0.000288882571161503

3.7211526135242e-5

7.21115530419853e-5

3.10366673718172e-5

7.15982924587922e-7

4.13423559345242e-5

3.63071436030233e-7

4.12404848755509e-5

6.64060655514922e-7

4.04483001724012e-5

1.38152430754441e-7

2.78898991102046e-8

4.42498858921696e-6

1.01966610422267e-5

7.70314509287222e-7

1.82317804118142e-6

6.63031966644394e-6

6.68763129147418e-7

0.0025305720623436

5.09026818012384e-7

7.9762514053297e-7

2.77827680666353e-7

1.20584542957617e-6

5.22323783136924e-7

7.38179542991314e-5

3.978373012761e-8

5.36179462981113e-7

0.000107469272113873

0.000150917270893923

2.43575949484136e-6

8.69075574020882e-6

0.0001205291481727

7.77085122889223e-7

6.74503927268349e-7

1.37025461495852e-6

3.3031830849569e-7

4.93951483002291e-5

