0.000582437609097786

4.88385671204998e-7

3.30927713779041e-6

6.4322768979851e-8

4.91826675219767e-5

1.22518413070288e-8

3.4421836904419e-10

2.14597676061027e-8

9.87797375193794e-12

7.65467517376307e-6

0.000151965036017655

4.20705990156868e-9

8.16888994169472e-7

0.000190106633227964

2.54874672152729e-10

2.205802604438e-7

6.1864897319438e-7

2.13682452249438e-6

2.99947431022057e-8

1.73426409531719e-7

6.15542804502318e-5

3.40989672844673e-7

1.04463610032393e-8

3.9449152721214e-6

0.000134473254738104

1.49112903062216e-5

1.47903572744273e-5

1.00995727678041e-7

3.07769074240979e-5

1.37758460562654e-8

1.32352140113988e-6

9.08126890622415e-9

3.53032390816964e-7

6.00422701495002e-7

2.80261386451148e-6

4.11787667815211e-6

8.96878575783824e-8

2.21805575717594e-9

1.66695913344012e-6

2.76621691827757e-7

8.37311035633955e-8

9.44386980658683e-7

3.80810718951192e-8

2.38482534888104e-6

4.05434680955582e-5

1.80439901716269e-9

5.92506501139792e-6

0.0219941745744984

1.3296451668011e-6

7.4750060389951e-6

