1.95094784961896e-17

2.21852278865001e-47

2.60232031605294e-13

5.28970552258281e-15

1.27013155323279e-8

9.06318454117879e-108

0.316262426870576

7.89655518779674e-8

1.18277054600302e-48

1.73716909949155e-9

0.814359356117242

1.00708125258012e-8

3.58628316766546e-42

4.65559383454464e-6

1.23330344591586e-10

0.000586721487498543

5.09202414401871e-365

8.70110468700089e-16

3.85942593164267e-7

3.10870891072866e-7

2.05484234614469e-8

5.53145123312128e-12

0.00121919305280041

8.72066750057852e-12

0.000353917600068828

0.0034571653313834

6.94983548519723e-9

0.013748090612387

0.00016608971175553

3.61454261531856e-28

1.35486704309784e-39

2.74470656801482e-14

7.34094261437963e-15

2.36267547208277e-89

1.16375475920159e-17

2.68714634422869e-13

5.060755229017e-47

4.20264102341286e-6

2.1066847849682e-8

1.76567604441936e-31

6.92096710711788e-22

2.1994887160351e-7

1.88105489539904e-12

5.51795192522188e-8

1.90464271206707e-26

7.69769138636942e-15

1.03888301500633e-19

1.86611026506994e-17

2.29029098936163e-75

0.00440736892354203

