0.000516005684030003

2.08628729026028e-7

4.36924469616154e-7

1.87779800645543e-9

2.11030368669666e-5

9.87582305818142e-10

1.19738699626124e-11

4.69768399919963e-9

2.92150238570099e-13

1.79475523934564e-6

6.2069138669954e-6

8.08746177359792e-9

3.71823549568661e-8

0.000152276155856812

5.53127430175119e-11

1.42740607791528e-8

3.94646531997107e-8

3.88056322679759e-7

7.41583847350325e-9

6.19322138859944e-9

9.42863263797192e-6

3.01999511700788e-9

9.95905741441369e-10

2.95363204516021e-7

0.000121093741172762

9.49635909689883e-6

5.64503616901068e-6

2.76867791958209e-9

7.21868886765616e-6

7.92491327722973e-9

2.62414184439017e-7

1.15153153791568e-9

2.08637743737548e-8

1.03879464569065e-7

1.78964866511883e-7

1.05188403888074e-6

5.78268657447135e-9

1.09700374573742e-10

1.02007966242577e-6

1.35328451699509e-9

6.71910742499039e-9

2.59643625431571e-7

2.38364501880889e-8

1.4527997459249e-7

5.1947520615704e-6

3.36501983049006e-11

2.49856944732176e-6

0.0209551497793253

3.51841781541599e-7

1.20487859722376e-6

