9.51849259482748e-17

0.999999999999108

0.999999999999805

1.05784145992537e-6

3.47387849683233e-8

8.5941039265502e-27

0.999999999999792

0.999999999999795

2.94978660826684e-33

0.999999999999598

0.999999999999538

0.999999999999706

0.999999999999715

0.999999999999575

0.999999999999696

0.999999999999557

0.999999999999164

0.999999999999324

0.999999999999351

0.000454920317243574

0.999999999999615

3.30068070696962e-9

0.999999999999929

2.6339283268811e-7

0.999999999999852

0.99999999999993

0.999999999999828

0.999999999999868

0.999999999999758

0.999999999999153

5.24280957029411e-45

0.999999999999467

0.999999999999437

0.999999999999323

0.999999999999894

7.8120147558081e-14

0.999999999999187

0.999999999999935

0.999999999999696

7.53484282602572e-30

1.9183556988066e-27

0.999999999999387

9.79660971341755e-11

7.04755571580721e-6

1.39709867961778e-20

8.67846714609208e-25

0.999999999999368

0.999999999999512

9.92868898751255e-47

0.00227435287850176

