0.0396394220716989

0.230904537317231

0.999999999985024

0.278966186845899

0.247395477156155

0.0352603215048971

0.744777751360428

0.0152318100728354

0.0418450374207542

0.4583061754694

0.0245190308672738

0.211134635912419

0.0818706974247204

0.134801960161547

0.0523820717322941

0.090560330709995

0.0207782318515252

0.00584240273629925

0.00879540092886662

0.054100416312814

0.0267421920593761

0.0647647914660742

0.114547609137644

0.574958040021604

0.0598915959471525

0.0329681359411402

0.127782821671861

0.178482897234119

0.118670880716343

0.241828583329725

0.237087730960134

0.0408552687941422

0.0362853252166573

0.106005259072046

0.0409599304767766

0.0604735708673802

0.0200666428385322

0.0710002899449681

0.170469780480189

0.107654893029362

0.0733641923225289

0.999999999970944

0.190164374406474

0.0880052233800924

0.124545892717253

0.149501561525527

0.213461563177736

0.06323566293687

0.102810159495413

0.184403621926618

