0.999999999999677

0.999999999884185

0.999999999985032

0.999999999941144

0.999999999999256

1.6263232829699e-12

0.999999999985397

1.1634003917199e-13

0.999999999970503

0.999999999884

0.000214557068023207

0.999999999998973

1.98162210823616e-18

0.999999999882722

0.999999999997482

3.57554885201843e-10

6.05883141103087e-12

2.22010482438564e-19

1.7703339395525e-20

0.99999999998543

1.56840443547782e-27

1.63810762116832e-14

0.99999999999299

0.999999999999427

0.999999999825659

1.53185804320221e-13

0.999999999941124

0.99999999998503

3.01554897035297e-5

0.999999999941518

0.999999999884053

9.22589682783356e-12

1.34750160073896e-14

0.99999999988346

0.999999999985208

0.999999999999221

8.36659460927154e-17

0.999999999985157

0.0756659633900108

6.10287494146423e-7

0.999999999825584

0.999999999970945

1.02855446986092e-8

0.999999999985175

0.999999999998885

1.04787073815135e-12

0.999999999941657

0.999999999997465

0.999999999985197

0.999999999883844

