7.88165083670565e-9

0.0291818817740001

1.01052602105458e-15

2.02652735699317e-109

2.20996337112131e-24

2.25447490205422e-5

8.37618765269073e-22

4.77250172269348e-37

8.05362458537384e-13

1.50398402610601e-10

3.4876133235014e-169

0.00102965547123913

8.21308328308772e-21

5.5755429439902e-26

2.7850411829267e-8

1.13377334956695e-15

1.16746136127374e-16

1.28530846479705e-31

1.30986461729116e-24

5.11974086989558e-30

9.97425124848576e-17

1.01493813353831e-55

3.39598892272987e-13

1.10869710154993e-52

1.35338493918068e-46

3.92132384136133e-28

2.99791233303855e-25

2.95388993480686e-156

6.53214815855859e-57

2.23197828152607e-19

2.79790994111118e-65

0.000199595139976461

1.03603293769887e-27

2.93011043576418e-24

4.27383684512294e-24

1.49050670225937e-12

8.62326730121996e-27

8.00816857116329e-8

9.87458541853355e-77

9.8018293786183e-35

2.78723160923164e-10

3.83866879458545e-8

4.48399021666367e-27

4.97006665465139e-22

1.30617050133694e-9

1.9026029406707e-54

3.82264058004875e-39

1.09458159549293e-58

2.92456108755112e-24

1.36328279946828e-18

