2.22130178573702e-40

0.000578897290538209

1.0

9.40465981999303e-8

1.02636316059522e-18

0.0413728918653939

0.958665490550279

0.000121848030114295

0.000270427417048491

1.90788519517446e-7

9.94878673935241e-37

3.77068870359118e-19

0.906344854749331

0.7280654233206

1.21745674454607e-5

0.00953172900177978

2.97047506852713e-32

1.68121431033903e-125

0.00710733107712572

1.70014739329943e-66

1.27936486159685e-6

0.0484685425438147

1.17979987360548e-19

1.40895503528933e-10

1.01710842233584e-10

1.71478760709716e-16

0.0116589475034433

4.30286229618816e-104

3.49434467322394e-9

1.01385604654739e-26

0.00295026178336519

5.53808595616132e-5

2.10991577769108e-48

6.31619327798787e-43

6.52268171241595e-11

1.76975098251127e-15

8.48585303955571e-11

1.72984229603057e-5

0.00162123493514458

3.79528981168755e-20

0.0231154387576503

8.43260573700815e-5

0.0880584498244365

2.26999268564719e-127

2.43431651500944e-35

1.60195568388608e-41

0.00168308173116246

0.00177389717401159

0.000393429012538299

2.72505095926611e-5

