2.55592520133747e-30

1.98543686620459e-19

1.04979397399363e-109

3.96186976201892e-49

5.41368701731917e-22

3.46892224297976e-16

0.000624597124526479

1.61505053100906e-31

8.70900689362505e-41

4.87534614403198e-14

7.63997963518795e-13

2.9619324598815e-24

9.12304757366948e-13

2.09439130269032e-76

5.16662897604059e-14

9.00569738799135e-19

5.19805977276791e-43

0.0167783648334463

4.45288051830332e-28

6.4441600402414e-39

5.22813491616894e-94

8.12879707331912e-71

1.06896966043726e-15

5.96001933454021e-46

2.2419082502621e-5

7.75562527310387e-10

2.75525899366021e-13

1.87653446478529e-9

4.35869924800385e-60

6.84137990970946e-19

1.33749800166101e-25

7.86107706238125e-25

1.21354974511573e-106

2.44884528832292e-9

6.74022357579367e-44

2.67120359634404e-49

2.80422751558871e-84

7.21768606809273e-28

1.06449623228124e-82

5.18836152123376e-23

1.29882119392576e-39

5.78836456333933e-20

3.85615544792044e-34

8.01051955288373e-12

3.44770394627605e-42

1.88767157993857e-62

4.94579946723038e-123

5.80207509240599e-44

4.82176234685991e-39

9.31390333859724e-44

