0.000490535907209732

1.85813755673093e-8

2.10129839809058e-9

4.91635922837187e-11

3.06906888041745e-7

1.01822386644067e-10

1.80421384335799e-14

1.1911352852662e-10

8.83598437327924e-16

2.41467514613368e-8

5.43922299153154e-8

4.60563888890032e-10

1.15158220010761e-9

0.000122552806124973

1.57675471015592e-12

1.67959009064154e-9

3.95836789761668e-10

4.60532518471091e-9

4.8945749419784e-10

8.1398498945153e-11

7.22329431563373e-7

2.94826599148076e-11

4.3425126268454e-12

4.21200577135191e-9

0.000111350373119502

6.49937978942694e-6

1.50962537879996e-6

1.13380392137375e-9

1.45752159154515e-6

1.44526521574578e-9

9.16626470697318e-9

1.25479056412551e-11

1.14752438919136e-10

2.91441495001853e-9

9.58592888376892e-10

1.32014102538408e-7

2.26856061071514e-9

2.57057393053106e-13

8.14552456904305e-7

1.69357143154103e-11

1.90743353493779e-10

1.4834010455747e-8

1.32410787233367e-9

1.52073413959563e-8

2.9586191274222e-7

3.30369923140901e-12

2.41556678544433e-8

0.0205260574300562

2.12228354616108e-8

9.42828094300769e-10

