0.000226315453769604

0.021537801628505

0.999999999999935

4.00271643232989e-5

0.0330617391434533

8.10251631083948e-44

0.742568540428644

8.15740801005154e-9

9.7895683635531e-39

0.0593788905160092

1.69909911505926e-12

0.242544511649241

4.04410446024638e-13

6.5807621842565e-39

0.000230973739091343

2.2833893914978e-13

1.00061447119941e-6

6.14609816100396e-105

2.90709519558678e-14

0.0084957197828535

8.34236557271024e-36

1.2470049519912e-14

0.283221555167364

0.869536917956001

1.54224609962611e-61

1.9339701858515e-11

7.62569367541209e-13

0.00134002786155256

0.000244308379311569

0.00161152241259992

1.81054510392096e-6

1.75856170295072e-9

2.44980995529373e-9

4.05439814140643e-62

4.57197674594977e-11

9.47315551167433e-16

1.10904077605947e-14

2.28310413916548e-11

0.000158897693261272

1.6893124993547e-7

1.53331825914918e-40

0.999999999999936

4.88557659678758e-25

1.73171494771131e-7

2.8424713202947e-7

1.42878542017398e-10

0.000943572346189227

0.045651205560191

0.00397516592893586

9.68629140249198e-12

