0.0017896527413131

0.000464547719869438

9.33389085482122e-6

5.28159247765767e-5

9.90795299367816e-5

2.33264032884148e-5

0.0986041243295693

0.00048441837611596

2.33657185015794e-5

0.00616823233018311

0.999999999999408

0.0011103535542334

1.29248164749926e-5

0.00366583665571701

0.000454625539920757

0.00150165856081229

0.00020134843601441

0.0127405932125463

0.00544935094618946

0.00105352129413694

0.000645726371907293

0.000257123507791211

0.000204986363344626

0.000395358597242243

0.0713683032245139

0.00174919207210207

0.000155147604668897

0.00788131919565954

0.00121999096558383

0.0011525505052084

1.47269968718574e-5

0.000657885692889599

0.00157033029837206

9.63322358377892e-5

6.00498336468312e-5

3.68057841803793e-5

9.84071118968891e-5

0.000366871519539732

6.27814328740723e-5

6.61053845900559e-5

0.000117664633039682

0.00860856442984668

4.99314316575898e-5

0.00381178588945506

0.000256566928776903

0.000234692191265872

0.00164912211645095

0.000137369422852014

9.43824605388679e-5

0.00313512892788173

