0.00043898529054627

0.000278437719136664

2.58441337126553e-6

1.5319827180491e-5

3.12931758810246e-5

0.00034900481204076

0.0522811286858161

0.00022291608576701

6.79378015311271e-6

0.000138729140297792

8.22524845079796e-5

0.000963112585767462

2.82090635685592e-5

1.09553855153738e-5

4.12011838709687e-5

0.000486487503239001

7.44576185323612e-6

0.0283725126666206

2.7197174405494e-5

2.86975076311225e-6

5.96196251125093e-7

1.43568902752442e-6

1.54327182766246e-5

3.84869804302194e-5

0.000140536676750042

0.000293213109205046

3.23093929372004e-5

0.000744693494873415

6.18895626922988e-7

0.000532816958106167

0.00018883216911186

0.00041233217105978

7.29033521431977e-6

3.48104424562909e-5

2.47937108317638e-5

0.000124454396784659

2.16283516981001e-5

5.0340320412898e-5

9.33140644709905e-7

0.000366771343112681

2.42591889670116e-5

0.000229511266865024

2.10953744109761e-5

5.51254891659216e-5

3.47830070408286e-5

5.797376981312e-5

9.39639475174165e-5

3.18058971083135e-7

1.0434555916014e-6

1.14208104271046e-6

