0.999999999999983

0.99999999999988

1.16342246657798e-8

0.999999999999884

0.999999999999966

0.999999999999757

1.38019673443653e-11

0.999999999999958

7.14412120638744e-14

0.999999999999947

0.99999999999974

0.999999999999933

0.999999999999752

0.999999999999814

1.64689666845523e-17

0.999999999999808

0.999999999999961

0.999999999999937

0.999999999999924

0.99999999999977

0.999999999999723

0.999999999999799

2.5137732747155e-6

0.99999999999975

0.999999999999926

0.999999999999942

0.999999999999624

0.999999999999763

0.999999999999959

0.999999999999759

0.99999999999998

1.47636562469786e-5

0.999999999999779

0.99999999999977

0.999999999999643

0.999999999999965

0.999999999999775

5.06632244526459e-10

0.999999999999956

0.999999999999761

0.999999999999578

0.0250000002660831

0.999999999999917

0.999999999999817

0.999999999999841

4.99578982149764e-16

0.999999999999973

0.999999999999962

0.999999999999923

0.999999999999871

