0.000501724256228249

6.90552718613397e-8

2.08734814083319e-8

1.43960564687082e-10

1.43272325236301e-6

1.55715340028956e-10

5.24939356996499e-13

5.99556625529914e-10

5.35628508189523e-15

1.27928686885997e-7

2.34092882397224e-7

1.64726245729225e-9

7.7253546131806e-9

0.000132338900240523

5.37266239107065e-12

3.12983704947901e-9

5.15868343622066e-9

5.19332587183469e-8

1.7126638719457e-9

9.08257148770867e-10

1.92036870810515e-6

2.97243524968342e-10

4.65684014982559e-11

2.74994123761412e-8

0.000113524824386064

7.32836519292736e-6

2.07876370314343e-6

6.77410109617138e-10

2.34730923038814e-6

4.74485229242998e-9

5.33648724620839e-8

2.31001567748749e-10

1.69695126353561e-9

1.34833219918778e-8

1.32635322039896e-8

2.95536758430687e-7

3.82206925226765e-9

2.85401295791263e-12

8.4504826995814e-7

2.16588866124634e-10

8.04271484281745e-10

5.22816408761456e-8

7.43764044569181e-9

4.25495840812676e-8

9.51443944245208e-7

8.08385561955426e-12

1.51574757580187e-7

0.0206289186640958

5.80403309070025e-8

1.24014477476598e-8

