0.699614227850236

0.599666428379569

0.699986913962048

0.396423976104737

0.999999999999924

0.299979968387882

0.0389742229261492

0.18143978311452

0.0222229769457408

0.999999999999921

0.999999999999946

0.312416870258162

0.699914112740522

0.999999999999875

0.0391636401142887

0.79972305468777

0.253212056772708

0.599281307347709

0.599528687327756

0.190499435711212

0.79999963680457

0.17123864923866

0.145419355885803

0.799970044849534

0.699965111354951

0.999999999999927

0.999999999999807

0.999999999999815

0.999999999999926

0.599840807730855

0.229347752301034

0.31555917559352

0.619109636365563

0.79993984592808

0.899997746609067

0.599832703038517

0.599996849425767

0.104831192943234

0.291714083463754

0.175636735658316

0.699612578291117

0.699929793415469

0.58051896202236

0.999999999999837

0.699837352532634

0.0642239947646655

0.999999999999928

0.999999999999875

0.599687142334803

0.69986423339739

