1.10652185541663e-5

8.64183717768163e-7

2.35675007827581e-6

5.5536377912359e-5

6.09276730570152e-8

3.87084614309365e-6

5.18308118088981e-6

1.68821752326219e-6

0.000128659107392936

0.000215006643548502

2.79124171284919e-7

5.66780987682965e-6

0.000403547040884802

4.46690476544054e-5

2.10183819654052e-5

3.62993499413339e-5

7.60009926445757e-6

3.10501163859131e-5

3.81327529132935e-6

4.69516509940145e-5

9.59188425770835e-5

4.20505907127238e-6

1.25264245579e-5

8.76315780862559e-6

5.41431452317161e-6

2.18726362538531e-5

0.000119367175198816

9.99901351266891e-5

2.74028618657294e-5

0.000163508008590674

1.85171645890351e-5

2.87964716381768e-6

1.01396581376773e-5

4.38217764341621e-5

0.0217598357969908

2.26611614316839e-5

5.30417100519258e-6

0.000148935095610082

5.96722183970462e-7

0.00019829151827418

7.00858394965533e-6

1.11046444517784e-6

0.000101987869581996

4.95229243397273e-5

0.000132845445726592

2.59028570333243e-5

4.72604796491567e-5

0.000241863772631121

4.42425465780818e-6

0.00015401607862888

