3.89305326956688e-14

0.486209098151668

4.21217664704988e-14

1.0

2.02754568916806e-7

1.63927718394558e-24

0.936543330329542

1.79030424424391e-11

8.37030733146916e-272

1.00719519670876e-7

2.51808295700427e-5

1.42929083327213e-15

1.52146680742018e-22

5.73885477903966e-13

2.86118943611009e-24

9.82248038454773e-8

0.100609873919407

1.79477306830895e-13

2.07460584882829e-5

1.19456851326847e-39

1.0

0.000183953046733033

0.317938277225251

0.000179794041535007

0.000319902425517432

8.4985004709911e-13

3.32020054881259e-15

1.09029981555638e-28

1.5420437230636e-31

0.113833501162312

4.00167933597381e-6

1.76211595762808e-7

0.0146570179186429

1.03847682019681e-18

0.0349096798033795

5.38440884361306e-10

4.95848943179451e-36

8.07979727774556e-5

2.03205820373331e-84

2.28105890356167e-11

2.61231420256542e-48

0.000215735490316205

1.00871583632773e-6

2.98986476697812e-11

0.0414970214860577

0.00605747872713988

0.318029787476275

1.0

7.82394763922207e-11

2.25915913529689e-37

