0.00264301109050785

0.001782592709034

0.00293235278634367

0.00178209190710228

0.0925681270795944

0.0034103121380835

0.000121187252004789

9.13664405013361e-5

4.74957854464118e-5

0.00117225474364539

0.0746221678223685

0.000261188770749978

0.0197601983653802

0.0340104254880187

0.000206858336487279

0.00309923276703188

0.0011040584987006

0.00108588228130049

0.00120588899251386

0.00579391600741066

0.179831628018296

0.00137098890825549

0.000644662973649989

0.0166934363933211

0.00256932613425965

0.0122786727398362

0.0457374020083742

0.0045007687372198

0.0478294122578507

0.00270222544363367

0.00280782397586412

0.00189917867976693

0.00146187541791231

0.0389129783617644

0.00413980277329856

0.00416919738085853

0.00424394870446959

0.000431092886639139

0.000295308395710621

0.000578922533000645

0.0012293103405021

0.0317351532829531

0.000719178709885948

0.0516497339878456

0.00528064628206084

0.000286343835296501

0.0357054509416741

0.123195428631521

0.0028588029733351

0.00467899895320241

