0.00138023202493247

0.999999999999833

1.32329181518725e-16

3.01566960966545e-39

0.999999999999458

0.999999999999679

2.23921456337377e-26

9.28508542034532e-17

7.56621240761299e-40

8.60011255001875e-20

0.999999999999679

2.85971096222564e-12

0.999999999999345

0.000606354825892505

1.01818904955711e-24

6.49206526776948e-14

4.80368704080187e-16

6.40298746359873e-7

3.56179742416052e-20

3.4318010581293e-7

0.999999999999431

0.999999999999751

2.26868286899448e-12

0.999999999999759

0.999999999999929

0.999999999999816

0.999999999999624

1.36888230580425e-8

0.999999999999664

0.999999999999564

5.21085549728832e-9

3.471338380083e-26

1.3444072086512e-10

0.999999999999409

0.000314395374795678

2.50686954521369e-12

0.999999999999589

1.67177604278184e-77

6.58219759771841e-5

2.40517187364609e-26

6.24432979830171e-16

1.27687560874918e-27

0.999999999999879

0.999999999999486

1.11802060613825e-6

5.45600864046516e-25

1.42373523461447e-5

0.999999999999803

7.73494126138827e-12

0.999999999999666

