0.000796548822881038

1.85714928372666e-25

6.34581489050906e-17

2.82580014700728e-20

3.62661021782995e-10

1.1172921261609e-26

1.22717327623665e-64

5.27328117428563e-23

1.77389320164043e-26

7.24613610549921e-20

1.3901888200219e-12

1.95143923285848e-21

6.16362389445936e-20

5.85543419755912e-5

2.11158284874177e-33

2.86957121576856e-17

1.5950868908551e-7

1.15602988139181e-8

1.33643979493864e-20

3.12288746111077e-32

2.89345833126389e-6

1.00409297982239e-25

1.19420729213287e-53

1.39385778813702e-18

4.91649870583332e-5

8.46565273373812e-9

3.15414019390375e-8

5.1156017366961e-23

9.68934987847523e-8

5.70728012257033e-36

1.03992009905573e-8

5.09518460353153e-37

9.48658537857217e-45

2.06766943539889e-19

1.84463400910789e-77

1.61706616610299e-9

1.83205228487344e-49

7.94442384468152e-30

4.13523944352063e-5

1.20028622718965e-76

2.85636030263344e-175

6.33009158428997e-28

5.12149509196516e-56

9.40133540710128e-28

2.23923629851258e-8

2.60713611062979e-81

9.61798290665572e-13

0.00141974673901917

1.09145545029973e-11

2.36637952847272e-36

