0.999999999999998

0.999999999999976

0.999999999999873

0.99999999999995

0.999999999999976

0.999999999999953

0.999999999999985

0.999999999999997

0.999999999999985

0.999999999999997

0.999999999999976

0.999999999999985

0.999999999999975

0.999999999999976

0.999999999999962

0.999999999999975

0.999999999999998

0.999999999999998

0.999999999999986

0.999999999999873

0.999999999999976

0.999999999999873

0.999999999999931

0.999999999999976

0.999999999999998

0.999999999999998

0.999999999999975

0.999999999999975

0.999999999999976

0.999999999999909

0.999999999999998

0.999999999999985

0.999999999999975

0.999999999999873

0.999999999999897

0.999999999999998

0.999999999999953

0.999999999999842

0.999999999999998

0.999999999999842

0.999999999999873

0.999999999999976

0.999999999999986

0.999999999999976

0.999999999999975

0.999999999999842

0.999999999999976

0.999999999999976

0.999999999999998

0.999999999999953

