9.80850896957483e-14

0.111937428954809

2.1171250027573e-18

7.64825147778278e-16

0.00268840826862632

0.000159669027370123

5.96953972849207e-5

0.00377526177589386

0.00345044990005084

2.21193258478193e-8

2.21933288389715e-12

7.71159553084035e-9

0.000863739770191474

8.99031944710168e-13

1.75854639567092e-33

3.87826711927141e-24

0.000201627957891191

0.000136235246354236

1.88208651845973e-6

6.09927512513419e-15

7.19098314908361e-9

0.0290684897422006

9.63767725253148e-10

3.97654938376313e-34

7.22969482412877e-89

2.72004540600274e-7

1.07434081679673e-14

1.88512477575558e-34

0.0335048130361453

4.36330225355589e-9

4.45687644191433e-7

1.0

5.9063534897384e-14

2.14739753826267e-79

8.30191652463396e-8

8.6124704107211e-10

0.001441310650378

2.1942700781185e-19

0.00310258619792688

0.00263403764275888

1.0

3.201449309551e-6

7.66620494522789e-6

0.000265888505069203

0.000385410235427208

4.97795136679637e-38

3.81418955179973e-10

3.6900838087712e-6

2.17945968783664e-14

1.18918893844092e-6

