0.999999999999717

0.999999999999808

0.99999999999974

1.27540653945898e-20

0.99999999999972

0.999999999999622

0.999999999999716

0.00157739551502318

0.99999999999974

8.20061678453882e-13

0.999999999999703

0.99999999999989

0.999999999999769

0.999999999999545

4.88797778573585e-58

0.99999999999951

0.999999999999727

0.999999999999947

0.999999999999883

0.999999999999587

0.999999999999623

0.999999999999752

0.999999999999841

1.17363350898385e-7

9.36638674985932e-33

1.02870704110664e-7

0.99999999999989

0.999999999999757

0.999999999999732

3.96391520410834e-9

2.57341428832841e-6

0.999999999999801

0.999999999999668

0.999999999999498

0.999999999999709

1.32715688080397e-22

6.12924858809249e-7

0.999999999999937

0.999999999999939

0.999999999999535

0.999999999999989

0.999999999999919

0.999999999999822

0.0129535795838027

0.999999999999969

0.999999999999876

8.51783695980372e-6

3.41147840071468e-12

1.00719648197719e-32

0.0100032536032608

