2.58220578135279e-7

0.0688667734785666

2.06049078314303e-7

1.41709331239159e-9

0.00257681783252279

0.00110809008523116

1.50434846917178e-5

0.000275966757904461

0.0131790127170031

2.79837185984715e-5

4.47621972182241e-6

7.1203932009122e-6

0.0760396963005114

0.000141815286474494

9.11733431257798e-8

2.36967312053824e-6

7.92651864262439e-5

2.3255117008575e-5

0.00181317740712844

1.56876821297296e-5

9.55705044195442e-6

0.00647683761174299

2.21135791807719e-5

8.13656580819964e-7

5.73583121163867e-9

4.02160684195933e-6

1.08957967387344e-5

1.45706659142425e-7

0.0359275150011451

5.57299426131739e-6

2.17411110727954e-5

0.999999999999721

2.2077407635004e-6

6.31303015556524e-7

0.000143930011457883

4.17689138090823e-8

4.68162429863196e-5

3.408407970925e-7

0.000278445991453281

0.00092062915177166

0.999999999999986

0.000124601293445223

0.0164166695304773

0.0125168314592365

0.000137945919274737

6.05846109207117e-9

2.25714155182852e-5

7.81110827895364e-5

1.69848618884122e-8

1.93852250615967e-5

