T=[[[1, 0.01], [2, 0.99]], [[2, 0.01], [3, 0.015], [4, 0.975]], [[2, 0.01], [3, 0.015], [4, 0.975]], [[5, 0.01], [8, 0.015], [10, 0.975]], [[5, 0.01], [8, 0.015], [10, 0.975]], [[10, 0.01], [15, 0.015], [20, 0.975]], [[50, 0.01], [75, 0.015], [100, 0.975]], [[100, 0.01], [150, 0.015], [200, 0.975]], [[200, 0.01], [300, 0.015], [400, 0.975]], [[200, 0.01], [300, 0.015], [400, 0.975]]]
C=[[[0.06462, 0.975], [0.09694, 0.015], [0.12925, 0.01]], [[0.17549, 0.975], [0.26324, 0.015], [0.35099, 0.01]], [[0.18632, 0.975], [0.27948, 0.015], [0.37264, 0.01]], [[0.0673, 0.975], [0.10095, 0.015], [0.1346, 0.01]], [[0.30318, 0.975], [0.45477, 0.015], [0.60636, 0.01]], [[1.66717, 0.975], [2.50075, 0.015], [3.33433, 0.01]], [[1.6211, 0.975], [2.43165, 0.015], [3.2422, 0.01]], [[0.77267, 0.975], [1.15901, 0.015], [1.54534, 0.01]], [[1.63151, 0.975], [2.44726, 0.015], [3.26301, 0.01]], [[3.06957, 0.975], [4.60436, 0.015], [6.13914, 0.01]]]

T=[[[1, 0.01], [2, 0.99]], [[1, 0.01], [2, 0.99]], [[1, 0.01], [2, 0.99]], [[2, 0.01], [3, 0.015], [4, 0.975]], [[2, 0.01], [3, 0.015], [4, 0.975]], [[10, 0.01], [15, 0.015], [20, 0.975]], [[50, 0.01], [75, 0.015], [100, 0.975]], [[100, 0.01], [150, 0.015], [200, 0.975]], [[200, 0.01], [300, 0.015], [400, 0.975]], [[500, 0.01], [750, 0.015], [1000, 0.975]]]
C=[[[0.05156, 0.975], [0.07734, 0.015], [0.10312, 0.01]], [[0.06623, 0.975], [0.09935, 0.015], [0.13247, 0.01]], [[0.04189, 0.975], [0.06284, 0.015], [0.08379, 0.01]], [[0.25804, 0.975], [0.38707, 0.015], [0.51609, 0.01]], [[0.09498, 0.975], [0.14247, 0.015], [0.18996, 0.01]], [[0.42269, 0.975], [0.63404, 0.015], [0.84538, 0.01]], [[5.00824, 0.975], [7.51236, 0.015], [10.01648, 0.01]], [[2.55721, 0.975], [3.83581, 0.015], [5.11442, 0.01]], [[7.74297, 0.975], [11.61445, 0.015], [15.48593, 0.01]], [[3.53928, 0.975], [5.30892, 0.015], [7.07856, 0.01]]]

T=[[[1, 0.01], [2, 0.99]], [[1, 0.01], [2, 0.99]], [[1, 0.01], [2, 0.99]], [[2, 0.01], [3, 0.015], [4, 0.975]], [[5, 0.01], [8, 0.015], [10, 0.975]], [[5, 0.01], [8, 0.015], [10, 0.975]], [[50, 0.01], [75, 0.015], [100, 0.975]], [[500, 0.01], [750, 0.015], [1000, 0.975]], [[500, 0.01], [750, 0.015], [1000, 0.975]], [[1000, 0.01], [1500, 0.015], [2000, 0.975]]]
C=[[[0.03572, 0.975], [0.05358, 0.015], [0.07144, 0.01]], [[0.12026, 0.975], [0.1804, 0.015], [0.24053, 0.01]], [[0.06443, 0.975], [0.09664, 0.015], [0.12885, 0.01]], [[0.0836, 0.975], [0.12539, 0.015], [0.16719, 0.01]], [[0.24795, 0.975], [0.37192, 0.015], [0.4959, 0.01]], [[0.18934, 0.975], [0.28401, 0.015], [0.37868, 0.01]], [[2.32166, 0.975], [3.48249, 0.015], [4.64332, 0.01]], [[35.29807, 0.975], [52.9471, 0.015], [70.59614, 0.01]], [[7.2192, 0.975], [10.8288, 0.015], [14.4384, 0.01]], [[68.87084, 0.975], [103.30626, 0.015], [137.74169, 0.01]]]

T=[[[2, 0.01], [3, 0.015], [4, 0.975]], [[2, 0.01], [3, 0.015], [4, 0.975]], [[5, 0.01], [8, 0.015], [10, 0.975]], [[10, 0.01], [15, 0.015], [20, 0.975]], [[10, 0.01], [15, 0.015], [20, 0.975]], [[20, 0.01], [30, 0.015], [40, 0.975]], [[100, 0.01], [150, 0.015], [200, 0.975]], [[500, 0.01], [750, 0.015], [1000, 0.975]], [[500, 0.01], [750, 0.015], [1000, 0.975]], [[1000, 0.01], [1500, 0.015], [2000, 0.975]]]
C=[[[0.0092, 0.975], [0.0138, 0.015], [0.0184, 0.01]], [[0.01392, 0.975], [0.02088, 0.015], [0.02784, 0.01]], [[0.26261, 0.975], [0.39391, 0.015], [0.52522, 0.01]], [[0.62408, 0.975], [0.93612, 0.015], [1.24816, 0.01]], [[0.69931, 0.975], [1.04897, 0.015], [1.39863, 0.01]], [[2.63686, 0.975], [3.95529, 0.015], [5.27372, 0.01]], [[5.30085, 0.975], [7.95128, 0.015], [10.60171, 0.01]], [[39.13679, 0.975], [58.70518, 0.015], [78.27358, 0.01]], [[27.3309, 0.975], [40.99635, 0.015], [54.6618, 0.01]], [[35.79298, 0.975], [53.68947, 0.015], [71.58596, 0.01]]]

T=[[[1, 0.01], [2, 0.99]], [[5, 0.01], [8, 0.015], [10, 0.975]], [[10, 0.01], [15, 0.015], [20, 0.975]], [[10, 0.01], [15, 0.015], [20, 0.975]], [[200, 0.01], [300, 0.015], [400, 0.975]], [[200, 0.01], [300, 0.015], [400, 0.975]], [[200, 0.01], [300, 0.015], [400, 0.975]], [[200, 0.01], [300, 0.015], [400, 0.975]], [[200, 0.01], [300, 0.015], [400, 0.975]], [[1000, 0.01], [1500, 0.015], [2000, 0.975]]]
C=[[[0.15877, 0.975], [0.23815, 0.015], [0.31754, 0.01]], [[0.03662, 0.975], [0.05493, 0.015], [0.07324, 0.01]], [[0.21241, 0.975], [0.31861, 0.015], [0.42481, 0.01]], [[0.16238, 0.975], [0.24358, 0.015], [0.32477, 0.01]], [[18.04488, 0.975], [27.06731, 0.015], [36.08975, 0.01]], [[19.65044, 0.975], [29.47565, 0.015], [39.30087, 0.01]], [[1.45856, 0.975], [2.18784, 0.015], [2.91712, 0.01]], [[8.54301, 0.975], [12.81452, 0.015], [17.08603, 0.01]], [[7.37675, 0.975], [11.06512, 0.015], [14.7535, 0.01]], [[71.06083, 0.975], [106.59124, 0.015], [142.12166, 0.01]]]

T=[[[1, 0.01], [2, 0.99]], [[1, 0.01], [2, 0.99]], [[5, 0.01], [8, 0.015], [10, 0.975]], [[5, 0.01], [8, 0.015], [10, 0.975]], [[20, 0.01], [30, 0.015], [40, 0.975]], [[50, 0.01], [75, 0.015], [100, 0.975]], [[50, 0.01], [75, 0.015], [100, 0.975]], [[200, 0.01], [300, 0.015], [400, 0.975]], [[200, 0.01], [300, 0.015], [400, 0.975]], [[500, 0.01], [750, 0.015], [1000, 0.975]]]
C=[[[0.10925, 0.975], [0.16387, 0.015], [0.2185, 0.01]], [[0.03749, 0.975], [0.05624, 0.015], [0.07498, 0.01]], [[0.06066, 0.975], [0.09099, 0.015], [0.12132, 0.01]], [[0.06805, 0.975], [0.10207, 0.015], [0.13609, 0.01]], [[1.62108, 0.975], [2.43162, 0.015], [3.24217, 0.01]], [[3.79945, 0.975], [5.69917, 0.015], [7.5989, 0.01]], [[0.42645, 0.975], [0.63967, 0.015], [0.8529, 0.01]], [[8.72928, 0.975], [13.09392, 0.015], [17.45856, 0.01]], [[20.84371, 0.975], [31.26556, 0.015], [41.68742, 0.01]], [[32.04101, 0.975], [48.06151, 0.015], [64.08202, 0.01]]]

T=[[[1, 0.01], [2, 0.99]], [[1, 0.01], [2, 0.99]], [[1, 0.01], [2, 0.99]], [[2, 0.01], [3, 0.015], [4, 0.975]], [[10, 0.01], [15, 0.015], [20, 0.975]], [[10, 0.01], [15, 0.015], [20, 0.975]], [[200, 0.01], [300, 0.015], [400, 0.975]], [[200, 0.01], [300, 0.015], [400, 0.975]], [[200, 0.01], [300, 0.015], [400, 0.975]], [[1000, 0.01], [1500, 0.015], [2000, 0.975]]]
C=[[[0.06979, 0.975], [0.10468, 0.015], [0.13958, 0.01]], [[0.09149, 0.975], [0.13723, 0.015], [0.18298, 0.01]], [[0.02209, 0.975], [0.03314, 0.015], [0.04419, 0.01]], [[0.3735, 0.975], [0.56024, 0.015], [0.74699, 0.01]], [[0.5555, 0.975], [0.83325, 0.015], [1.111, 0.01]], [[0.32743, 0.975], [0.49115, 0.015], [0.65487, 0.01]], [[1.39502, 0.975], [2.09253, 0.015], [2.79003, 0.01]], [[9.85799, 0.975], [14.78699, 0.015], [19.71598, 0.01]], [[4.75645, 0.975], [7.13467, 0.015], [9.51289, 0.01]], [[11.54165, 0.975], [17.31247, 0.015], [23.0833, 0.01]]]

T=[[[1, 0.01], [2, 0.99]], [[2, 0.01], [3, 0.015], [4, 0.975]], [[2, 0.01], [3, 0.015], [4, 0.975]], [[10, 0.01], [15, 0.015], [20, 0.975]], [[10, 0.01], [15, 0.015], [20, 0.975]], [[20, 0.01], [30, 0.015], [40, 0.975]], [[50, 0.01], [75, 0.015], [100, 0.975]], [[200, 0.01], [300, 0.015], [400, 0.975]], [[200, 0.01], [300, 0.015], [400, 0.975]], [[200, 0.01], [300, 0.015], [400, 0.975]]]
C=[[[0.03065, 0.975], [0.04598, 0.015], [0.06131, 0.01]], [[0.06112, 0.975], [0.09168, 0.015], [0.12223, 0.01]], [[0.18557, 0.975], [0.27836, 0.015], [0.37114, 0.01]], [[0.64957, 0.975], [0.97436, 0.015], [1.29914, 0.01]], [[0.67411, 0.975], [1.01117, 0.015], [1.34822, 0.01]], [[0.79308, 0.975], [1.18962, 0.015], [1.58616, 0.01]], [[0.14374, 0.975], [0.21561, 0.015], [0.28748, 0.01]], [[17.56484, 0.975], [26.34727, 0.015], [35.12969, 0.01]], [[16.84283, 0.975], [25.26425, 0.015], [33.68566, 0.01]], [[9.81332, 0.975], [14.71998, 0.015], [19.62664, 0.01]]]

T=[[[1, 0.01], [2, 0.99]], [[2, 0.01], [3, 0.015], [4, 0.975]], [[5, 0.01], [8, 0.015], [10, 0.975]], [[10, 0.01], [15, 0.015], [20, 0.975]], [[10, 0.01], [15, 0.015], [20, 0.975]], [[10, 0.01], [15, 0.015], [20, 0.975]], [[20, 0.01], [30, 0.015], [40, 0.975]], [[200, 0.01], [300, 0.015], [400, 0.975]], [[500, 0.01], [750, 0.015], [1000, 0.975]], [[500, 0.01], [750, 0.015], [1000, 0.975]]]
C=[[[0.00709, 0.975], [0.01063, 0.015], [0.01417, 0.01]], [[0.0682, 0.975], [0.10231, 0.015], [0.13641, 0.01]], [[0.06598, 0.975], [0.09897, 0.015], [0.13196, 0.01]], [[1.66047, 0.975], [2.4907, 0.015], [3.32093, 0.01]], [[0.99324, 0.975], [1.48986, 0.015], [1.98647, 0.01]], [[0.5907, 0.975], [0.88605, 0.015], [1.18139, 0.01]], [[1.42945, 0.975], [2.14418, 0.015], [2.85891, 0.01]], [[0.75244, 0.975], [1.12866, 0.015], [1.50488, 0.01]], [[3.77797, 0.975], [5.66695, 0.015], [7.55594, 0.01]], [[44.19281, 0.975], [66.28922, 0.015], [88.38562, 0.01]]]

T=[[[1, 0.01], [2, 0.99]], [[5, 0.01], [8, 0.015], [10, 0.975]], [[5, 0.01], [8, 0.015], [10, 0.975]], [[5, 0.01], [8, 0.015], [10, 0.975]], [[20, 0.01], [30, 0.015], [40, 0.975]], [[20, 0.01], [30, 0.015], [40, 0.975]], [[20, 0.01], [30, 0.015], [40, 0.975]], [[50, 0.01], [75, 0.015], [100, 0.975]], [[200, 0.01], [300, 0.015], [400, 0.975]], [[1000, 0.01], [1500, 0.015], [2000, 0.975]]]
C=[[[0.02689, 0.975], [0.04034, 0.015], [0.05379, 0.01]], [[0.33651, 0.975], [0.50476, 0.015], [0.67301, 0.01]], [[0.23085, 0.975], [0.34628, 0.015], [0.4617, 0.01]], [[0.19299, 0.975], [0.28949, 0.015], [0.38599, 0.01]], [[0.19411, 0.975], [0.29117, 0.015], [0.38822, 0.01]], [[0.08738, 0.975], [0.13107, 0.015], [0.17476, 0.01]], [[1.88421, 0.975], [2.82631, 0.015], [3.76842, 0.01]], [[5.99159, 0.975], [8.98739, 0.015], [11.98318, 0.01]], [[0.25654, 0.975], [0.38482, 0.015], [0.51309, 0.01]], [[141.63603, 0.975], [212.45405, 0.015], [283.27207, 0.01]]]

T=[[[5, 0.01], [8, 0.015], [10, 0.975]], [[5, 0.01], [8, 0.015], [10, 0.975]], [[5, 0.01], [8, 0.015], [10, 0.975]], [[10, 0.01], [15, 0.015], [20, 0.975]], [[20, 0.01], [30, 0.015], [40, 0.975]], [[20, 0.01], [30, 0.015], [40, 0.975]], [[50, 0.01], [75, 0.015], [100, 0.975]], [[100, 0.01], [150, 0.015], [200, 0.975]], [[200, 0.01], [300, 0.015], [400, 0.975]], [[1000, 0.01], [1500, 0.015], [2000, 0.975]]]
C=[[[0.18688, 0.975], [0.28032, 0.015], [0.37377, 0.01]], [[0.04041, 0.975], [0.06061, 0.015], [0.08082, 0.01]], [[0.90328, 0.975], [1.35491, 0.015], [1.80655, 0.01]], [[0.2621, 0.975], [0.39314, 0.015], [0.52419, 0.01]], [[0.02986, 0.975], [0.04479, 0.015], [0.05972, 0.01]], [[0.90413, 0.975], [1.3562, 0.015], [1.80827, 0.01]], [[3.18879, 0.975], [4.78318, 0.015], [6.37758, 0.01]], [[6.26259, 0.975], [9.39388, 0.015], [12.52517, 0.01]], [[1.42678, 0.975], [2.14017, 0.015], [2.85355, 0.01]], [[117.44169, 0.975], [176.16254, 0.015], [234.88338, 0.01]]]

T=[[[1, 0.01], [2, 0.99]], [[1, 0.01], [2, 0.99]], [[2, 0.01], [3, 0.015], [4, 0.975]], [[50, 0.01], [75, 0.015], [100, 0.975]], [[50, 0.01], [75, 0.015], [100, 0.975]], [[100, 0.01], [150, 0.015], [200, 0.975]], [[100, 0.01], [150, 0.015], [200, 0.975]], [[200, 0.01], [300, 0.015], [400, 0.975]], [[500, 0.01], [750, 0.015], [1000, 0.975]], [[1000, 0.01], [1500, 0.015], [2000, 0.975]]]
C=[[[0.01433, 0.975], [0.02149, 0.015], [0.02865, 0.01]], [[0.06042, 0.975], [0.09062, 0.015], [0.12083, 0.01]], [[0.15353, 0.975], [0.2303, 0.015], [0.30706, 0.01]], [[6.40266, 0.975], [9.60399, 0.015], [12.80532, 0.01]], [[0.53182, 0.975], [0.79773, 0.015], [1.06364, 0.01]], [[9.19494, 0.975], [13.79241, 0.015], [18.38988, 0.01]], [[1.64719, 0.975], [2.47078, 0.015], [3.29437, 0.01]], [[3.62482, 0.975], [5.43724, 0.015], [7.24965, 0.01]], [[38.89582, 0.975], [58.34374, 0.015], [77.79165, 0.01]], [[55.46384, 0.975], [83.19577, 0.015], [110.92769, 0.01]]]

T=[[[2, 0.01], [3, 0.015], [4, 0.975]], [[5, 0.01], [8, 0.015], [10, 0.975]], [[10, 0.01], [15, 0.015], [20, 0.975]], [[50, 0.01], [75, 0.015], [100, 0.975]], [[50, 0.01], [75, 0.015], [100, 0.975]], [[50, 0.01], [75, 0.015], [100, 0.975]], [[100, 0.01], [150, 0.015], [200, 0.975]], [[100, 0.01], [150, 0.015], [200, 0.975]], [[200, 0.01], [300, 0.015], [400, 0.975]], [[500, 0.01], [750, 0.015], [1000, 0.975]]]
C=[[[0.08326, 0.975], [0.12488, 0.015], [0.16651, 0.01]], [[0.60566, 0.975], [0.90849, 0.015], [1.21132, 0.01]], [[0.208, 0.975], [0.31201, 0.015], [0.41601, 0.01]], [[1.79979, 0.975], [2.69969, 0.015], [3.59959, 0.01]], [[4.79939, 0.975], [7.19909, 0.015], [9.59879, 0.01]], [[1.08901, 0.975], [1.63352, 0.015], [2.17803, 0.01]], [[6.0096, 0.975], [9.01439, 0.015], [12.01919, 0.01]], [[2.14868, 0.975], [3.22302, 0.015], [4.29736, 0.01]], [[22.20306, 0.975], [33.30459, 0.015], [44.40612, 0.01]], [[10.03892, 0.975], [15.05838, 0.015], [20.07785, 0.01]]]

T=[[[5, 0.01], [8, 0.015], [10, 0.975]], [[50, 0.01], [75, 0.015], [100, 0.975]], [[100, 0.01], [150, 0.015], [200, 0.975]], [[100, 0.01], [150, 0.015], [200, 0.975]], [[100, 0.01], [150, 0.015], [200, 0.975]], [[200, 0.01], [300, 0.015], [400, 0.975]], [[500, 0.01], [750, 0.015], [1000, 0.975]], [[500, 0.01], [750, 0.015], [1000, 0.975]], [[500, 0.01], [750, 0.015], [1000, 0.975]], [[1000, 0.01], [1500, 0.015], [2000, 0.975]]]
C=[[[0.05276, 0.975], [0.07914, 0.015], [0.10552, 0.01]], [[0.31281, 0.975], [0.46921, 0.015], [0.62562, 0.01]], [[0.48012, 0.975], [0.72018, 0.015], [0.96024, 0.01]], [[4.35878, 0.975], [6.53816, 0.015], [8.71755, 0.01]], [[0.49183, 0.975], [0.73774, 0.015], [0.98365, 0.01]], [[6.63433, 0.975], [9.95149, 0.015], [13.26866, 0.01]], [[25.69535, 0.975], [38.54303, 0.015], [51.39071, 0.01]], [[59.19278, 0.975], [88.78917, 0.015], [118.38557, 0.01]], [[0.30837, 0.975], [0.46256, 0.015], [0.61674, 0.01]], [[276.31996, 0.975], [414.47994, 0.015], [552.63992, 0.01]]]

T=[[[1, 0.01], [2, 0.99]], [[10, 0.01], [15, 0.015], [20, 0.975]], [[20, 0.01], [30, 0.015], [40, 0.975]], [[20, 0.01], [30, 0.015], [40, 0.975]], [[50, 0.01], [75, 0.015], [100, 0.975]], [[50, 0.01], [75, 0.015], [100, 0.975]], [[100, 0.01], [150, 0.015], [200, 0.975]], [[100, 0.01], [150, 0.015], [200, 0.975]], [[200, 0.01], [300, 0.015], [400, 0.975]], [[500, 0.01], [750, 0.015], [1000, 0.975]]]
C=[[[0.01588, 0.975], [0.02382, 0.015], [0.03176, 0.01]], [[0.24643, 0.975], [0.36964, 0.015], [0.49286, 0.01]], [[0.74003, 0.975], [1.11004, 0.015], [1.48005, 0.01]], [[0.11351, 0.975], [0.17027, 0.015], [0.22703, 0.01]], [[2.29854, 0.975], [3.44781, 0.015], [4.59708, 0.01]], [[4.4984, 0.975], [6.7476, 0.015], [8.99681, 0.01]], [[9.42724, 0.975], [14.14086, 0.015], [18.85448, 0.01]], [[6.24651, 0.975], [9.36976, 0.015], [12.49301, 0.01]], [[16.78068, 0.975], [25.17102, 0.015], [33.56136, 0.01]], [[45.11061, 0.975], [67.66592, 0.015], [90.22122, 0.01]]]

T=[[[1, 0.01], [2, 0.99]], [[1, 0.01], [2, 0.99]], [[2, 0.01], [3, 0.015], [4, 0.975]], [[5, 0.01], [8, 0.015], [10, 0.975]], [[5, 0.01], [8, 0.015], [10, 0.975]], [[20, 0.01], [30, 0.015], [40, 0.975]], [[100, 0.01], [150, 0.015], [200, 0.975]], [[200, 0.01], [300, 0.015], [400, 0.975]], [[500, 0.01], [750, 0.015], [1000, 0.975]], [[1000, 0.01], [1500, 0.015], [2000, 0.975]]]
C=[[[0.00068, 0.975], [0.00102, 0.015], [0.00135, 0.01]], [[0.0061, 0.975], [0.00916, 0.015], [0.01221, 0.01]], [[0.17188, 0.975], [0.25782, 0.015], [0.34376, 0.01]], [[0.1626, 0.975], [0.2439, 0.015], [0.3252, 0.01]], [[0.04669, 0.975], [0.07003, 0.015], [0.09338, 0.01]], [[0.98916, 0.975], [1.48374, 0.015], [1.97832, 0.01]], [[2.55728, 0.975], [3.83591, 0.015], [5.11455, 0.01]], [[49.95347, 0.975], [74.9302, 0.015], [99.90693, 0.01]], [[35.59904, 0.975], [53.39855, 0.015], [71.19807, 0.01]], [[19.42526, 0.975], [29.13789, 0.015], [38.85053, 0.01]]]

T=[[[2, 0.01], [3, 0.015], [4, 0.975]], [[5, 0.01], [8, 0.015], [10, 0.975]], [[10, 0.01], [15, 0.015], [20, 0.975]], [[20, 0.01], [30, 0.015], [40, 0.975]], [[50, 0.01], [75, 0.015], [100, 0.975]], [[100, 0.01], [150, 0.015], [200, 0.975]], [[100, 0.01], [150, 0.015], [200, 0.975]], [[100, 0.01], [150, 0.015], [200, 0.975]], [[1000, 0.01], [1500, 0.015], [2000, 0.975]], [[1000, 0.01], [1500, 0.015], [2000, 0.975]]]
C=[[[0.03799, 0.975], [0.05698, 0.015], [0.07598, 0.01]], [[0.27093, 0.975], [0.4064, 0.015], [0.54187, 0.01]], [[1.34646, 0.975], [2.01969, 0.015], [2.69292, 0.01]], [[1.26615, 0.975], [1.89922, 0.015], [2.5323, 0.01]], [[1.30205, 0.975], [1.95307, 0.015], [2.60409, 0.01]], [[0.34417, 0.975], [0.51625, 0.015], [0.68833, 0.01]], [[0.07283, 0.975], [0.10924, 0.015], [0.14565, 0.01]], [[2.47247, 0.975], [3.70871, 0.015], [4.94494, 0.01]], [[110.96964, 0.975], [166.45446, 0.015], [221.93928, 0.01]], [[112.95961, 0.975], [169.43941, 0.015], [225.91921, 0.01]]]

T=[[[2, 0.01], [3, 0.015], [4, 0.975]], [[5, 0.01], [8, 0.015], [10, 0.975]], [[10, 0.01], [15, 0.015], [20, 0.975]], [[20, 0.01], [30, 0.015], [40, 0.975]], [[20, 0.01], [30, 0.015], [40, 0.975]], [[200, 0.01], [300, 0.015], [400, 0.975]], [[500, 0.01], [750, 0.015], [1000, 0.975]], [[1000, 0.01], [1500, 0.015], [2000, 0.975]], [[1000, 0.01], [1500, 0.015], [2000, 0.975]], [[1000, 0.01], [1500, 0.015], [2000, 0.975]]]
C=[[[0.01577, 0.975], [0.02365, 0.015], [0.03154, 0.01]], [[0.40486, 0.975], [0.60729, 0.015], [0.80972, 0.01]], [[0.6847, 0.975], [1.02705, 0.015], [1.3694, 0.01]], [[0.10832, 0.975], [0.16248, 0.015], [0.21663, 0.01]], [[2.1215, 0.975], [3.18225, 0.015], [4.243, 0.01]], [[16.6451, 0.975], [24.96765, 0.015], [33.2902, 0.01]], [[32.531, 0.975], [48.79651, 0.015], [65.06201, 0.01]], [[3.80851, 0.975], [5.71276, 0.015], [7.61702, 0.01]], [[11.16823, 0.975], [16.75235, 0.015], [22.33646, 0.01]], [[117.91846, 0.975], [176.8777, 0.015], [235.83693, 0.01]]]

T=[[[2, 0.01], [3, 0.015], [4, 0.975]], [[2, 0.01], [3, 0.015], [4, 0.975]], [[5, 0.01], [8, 0.015], [10, 0.975]], [[10, 0.01], [15, 0.015], [20, 0.975]], [[50, 0.01], [75, 0.015], [100, 0.975]], [[50, 0.01], [75, 0.015], [100, 0.975]], [[200, 0.01], [300, 0.015], [400, 0.975]], [[500, 0.01], [750, 0.015], [1000, 0.975]], [[500, 0.01], [750, 0.015], [1000, 0.975]], [[1000, 0.01], [1500, 0.015], [2000, 0.975]]]
C=[[[0.18641, 0.975], [0.27962, 0.015], [0.37283, 0.01]], [[0.16886, 0.975], [0.25328, 0.015], [0.33771, 0.01]], [[0.08087, 0.975], [0.12131, 0.015], [0.16174, 0.01]], [[0.79375, 0.975], [1.19063, 0.015], [1.5875, 0.01]], [[7.35203, 0.975], [11.02805, 0.015], [14.70406, 0.01]], [[1.17667, 0.975], [1.765, 0.015], [2.35334, 0.01]], [[14.2935, 0.975], [21.44025, 0.015], [28.587, 0.01]], [[7.72351, 0.975], [11.58526, 0.015], [15.44701, 0.01]], [[4.63902, 0.975], [6.95853, 0.015], [9.27804, 0.01]], [[10.04897, 0.975], [15.07345, 0.015], [20.09793, 0.01]]]

T=[[[1, 0.01], [2, 0.99]], [[5, 0.01], [8, 0.015], [10, 0.975]], [[5, 0.01], [8, 0.015], [10, 0.975]], [[10, 0.01], [15, 0.015], [20, 0.975]], [[10, 0.01], [15, 0.015], [20, 0.975]], [[20, 0.01], [30, 0.015], [40, 0.975]], [[50, 0.01], [75, 0.015], [100, 0.975]], [[100, 0.01], [150, 0.015], [200, 0.975]], [[200, 0.01], [300, 0.015], [400, 0.975]], [[1000, 0.01], [1500, 0.015], [2000, 0.975]]]
C=[[[0.07436, 0.975], [0.11154, 0.015], [0.14872, 0.01]], [[0.15893, 0.975], [0.23839, 0.015], [0.31785, 0.01]], [[0.26361, 0.975], [0.39542, 0.015], [0.52722, 0.01]], [[0.12138, 0.975], [0.18207, 0.015], [0.24276, 0.01]], [[1.09743, 0.975], [1.64615, 0.015], [2.19486, 0.01]], [[0.27877, 0.975], [0.41815, 0.015], [0.55753, 0.01]], [[1.05054, 0.975], [1.57581, 0.015], [2.10107, 0.01]], [[3.77113, 0.975], [5.6567, 0.015], [7.54226, 0.01]], [[36.82789, 0.975], [55.24184, 0.015], [73.65578, 0.01]], [[12.4511, 0.975], [18.67665, 0.015], [24.9022, 0.01]]]

T=[[[2, 0.01], [3, 0.015], [4, 0.975]], [[2, 0.01], [3, 0.015], [4, 0.975]], [[5, 0.01], [8, 0.015], [10, 0.975]], [[50, 0.01], [75, 0.015], [100, 0.975]], [[50, 0.01], [75, 0.015], [100, 0.975]], [[50, 0.01], [75, 0.015], [100, 0.975]], [[100, 0.01], [150, 0.015], [200, 0.975]], [[500, 0.01], [750, 0.015], [1000, 0.975]], [[1000, 0.01], [1500, 0.015], [2000, 0.975]], [[1000, 0.01], [1500, 0.015], [2000, 0.975]]]
C=[[[0.13562, 0.975], [0.20343, 0.015], [0.27125, 0.01]], [[0.14769, 0.975], [0.22153, 0.015], [0.29538, 0.01]], [[0.14289, 0.975], [0.21433, 0.015], [0.28577, 0.01]], [[7.07977, 0.975], [10.61965, 0.015], [14.15953, 0.01]], [[1.04942, 0.975], [1.57414, 0.015], [2.09885, 0.01]], [[0.69589, 0.975], [1.04384, 0.015], [1.39179, 0.01]], [[1.28502, 0.975], [1.92752, 0.015], [2.57003, 0.01]], [[27.41307, 0.975], [41.1196, 0.015], [54.82614, 0.01]], [[74.12357, 0.975], [111.18535, 0.015], [148.24713, 0.01]], [[61.46595, 0.975], [92.19892, 0.015], [122.9319, 0.01]]]

T=[[[1, 0.01], [2, 0.99]], [[2, 0.01], [3, 0.015], [4, 0.975]], [[5, 0.01], [8, 0.015], [10, 0.975]], [[5, 0.01], [8, 0.015], [10, 0.975]], [[20, 0.01], [30, 0.015], [40, 0.975]], [[200, 0.01], [300, 0.015], [400, 0.975]], [[500, 0.01], [750, 0.015], [1000, 0.975]], [[500, 0.01], [750, 0.015], [1000, 0.975]], [[1000, 0.01], [1500, 0.015], [2000, 0.975]], [[1000, 0.01], [1500, 0.015], [2000, 0.975]]]
C=[[[0.02454, 0.975], [0.03681, 0.015], [0.04908, 0.01]], [[0.0309, 0.975], [0.04635, 0.015], [0.06179, 0.01]], [[0.10976, 0.975], [0.16464, 0.015], [0.21953, 0.01]], [[0.12917, 0.975], [0.19375, 0.015], [0.25833, 0.01]], [[5.41616, 0.975], [8.12424, 0.015], [10.83233, 0.01]], [[3.86059, 0.975], [5.79089, 0.015], [7.72118, 0.01]], [[37.88407, 0.975], [56.82611, 0.015], [75.76815, 0.01]], [[32.90968, 0.975], [49.36451, 0.015], [65.81935, 0.01]], [[14.87937, 0.975], [22.31905, 0.015], [29.75874, 0.01]], [[15.64667, 0.975], [23.47001, 0.015], [31.29335, 0.01]]]

T=[[[1, 0.01], [2, 0.99]], [[1, 0.01], [2, 0.99]], [[1, 0.01], [2, 0.99]], [[5, 0.01], [8, 0.015], [10, 0.975]], [[5, 0.01], [8, 0.015], [10, 0.975]], [[10, 0.01], [15, 0.015], [20, 0.975]], [[200, 0.01], [300, 0.015], [400, 0.975]], [[500, 0.01], [750, 0.015], [1000, 0.975]], [[1000, 0.01], [1500, 0.015], [2000, 0.975]], [[1000, 0.01], [1500, 0.015], [2000, 0.975]]]
C=[[[0.01875, 0.975], [0.02812, 0.015], [0.0375, 0.01]], [[0.05735, 0.975], [0.08603, 0.015], [0.11471, 0.01]], [[0.01482, 0.975], [0.02224, 0.015], [0.02965, 0.01]], [[0.75373, 0.975], [1.13059, 0.015], [1.50746, 0.01]], [[0.0463, 0.975], [0.06945, 0.015], [0.09259, 0.01]], [[1.65801, 0.975], [2.48702, 0.015], [3.31603, 0.01]], [[9.24028, 0.975], [13.86042, 0.015], [18.48056, 0.01]], [[22.55436, 0.975], [33.83155, 0.015], [45.10873, 0.01]], [[34.09842, 0.975], [51.14763, 0.015], [68.19684, 0.01]], [[7.85901, 0.975], [11.78852, 0.015], [15.71803, 0.01]]]

T=[[[1, 0.01], [2, 0.99]], [[2, 0.01], [3, 0.015], [4, 0.975]], [[10, 0.01], [15, 0.015], [20, 0.975]], [[20, 0.01], [30, 0.015], [40, 0.975]], [[50, 0.01], [75, 0.015], [100, 0.975]], [[200, 0.01], [300, 0.015], [400, 0.975]], [[200, 0.01], [300, 0.015], [400, 0.975]], [[500, 0.01], [750, 0.015], [1000, 0.975]], [[500, 0.01], [750, 0.015], [1000, 0.975]], [[1000, 0.01], [1500, 0.015], [2000, 0.975]]]
C=[[[0.13547, 0.975], [0.20321, 0.015], [0.27095, 0.01]], [[0.13975, 0.975], [0.20963, 0.015], [0.27951, 0.01]], [[0.26408, 0.975], [0.39611, 0.015], [0.52815, 0.01]], [[0.78455, 0.975], [1.17682, 0.015], [1.5691, 0.01]], [[1.14221, 0.975], [1.71331, 0.015], [2.28442, 0.01]], [[8.95076, 0.975], [13.42614, 0.015], [17.90152, 0.01]], [[4.13445, 0.975], [6.20167, 0.015], [8.2689, 0.01]], [[17.53814, 0.975], [26.30721, 0.015], [35.07628, 0.01]], [[7.78608, 0.975], [11.67912, 0.015], [15.57215, 0.01]], [[140.0967, 0.975], [210.14504, 0.015], [280.19339, 0.01]]]

T=[[[2, 0.01], [3, 0.015], [4, 0.975]], [[5, 0.01], [8, 0.015], [10, 0.975]], [[10, 0.01], [15, 0.015], [20, 0.975]], [[20, 0.01], [30, 0.015], [40, 0.975]], [[20, 0.01], [30, 0.015], [40, 0.975]], [[20, 0.01], [30, 0.015], [40, 0.975]], [[50, 0.01], [75, 0.015], [100, 0.975]], [[50, 0.01], [75, 0.015], [100, 0.975]], [[100, 0.01], [150, 0.015], [200, 0.975]], [[500, 0.01], [750, 0.015], [1000, 0.975]]]
C=[[[0.05123, 0.975], [0.07684, 0.015], [0.10246, 0.01]], [[0.07654, 0.975], [0.11481, 0.015], [0.15308, 0.01]], [[0.05336, 0.975], [0.08005, 0.015], [0.10673, 0.01]], [[0.70124, 0.975], [1.05186, 0.015], [1.40248, 0.01]], [[0.99681, 0.975], [1.49522, 0.015], [1.99363, 0.01]], [[0.22368, 0.975], [0.33552, 0.015], [0.44736, 0.01]], [[9.29802, 0.975], [13.94703, 0.015], [18.59604, 0.01]], [[5.27628, 0.975], [7.91442, 0.015], [10.55256, 0.01]], [[0.33665, 0.975], [0.50497, 0.015], [0.6733, 0.01]], [[56.40089, 0.975], [84.60133, 0.015], [112.80178, 0.01]]]

T=[[[10, 0.01], [15, 0.015], [20, 0.975]], [[20, 0.01], [30, 0.015], [40, 0.975]], [[20, 0.01], [30, 0.015], [40, 0.975]], [[100, 0.01], [150, 0.015], [200, 0.975]], [[200, 0.01], [300, 0.015], [400, 0.975]], [[500, 0.01], [750, 0.015], [1000, 0.975]], [[500, 0.01], [750, 0.015], [1000, 0.975]], [[500, 0.01], [750, 0.015], [1000, 0.975]], [[500, 0.01], [750, 0.015], [1000, 0.975]], [[1000, 0.01], [1500, 0.015], [2000, 0.975]]]
C=[[[0.56856, 0.975], [0.85283, 0.015], [1.13711, 0.01]], [[0.41782, 0.975], [0.62672, 0.015], [0.83563, 0.01]], [[0.00889, 0.975], [0.01334, 0.015], [0.01779, 0.01]], [[6.96399, 0.975], [10.44599, 0.015], [13.92798, 0.01]], [[7.68142, 0.975], [11.52214, 0.015], [15.36285, 0.01]], [[65.09918, 0.975], [97.64876, 0.015], [130.19835, 0.01]], [[31.76714, 0.975], [47.65072, 0.015], [63.53429, 0.01]], [[9.59983, 0.975], [14.39974, 0.015], [19.19966, 0.01]], [[9.49586, 0.975], [14.24379, 0.015], [18.99172, 0.01]], [[131.83788, 0.975], [197.75682, 0.015], [263.67576, 0.01]]]

T=[[[1, 0.01], [2, 0.99]], [[1, 0.01], [2, 0.99]], [[1, 0.01], [2, 0.99]], [[2, 0.01], [3, 0.015], [4, 0.975]], [[2, 0.01], [3, 0.015], [4, 0.975]], [[50, 0.01], [75, 0.015], [100, 0.975]], [[100, 0.01], [150, 0.015], [200, 0.975]], [[100, 0.01], [150, 0.015], [200, 0.975]], [[100, 0.01], [150, 0.015], [200, 0.975]], [[500, 0.01], [750, 0.015], [1000, 0.975]]]
C=[[[0.05446, 0.975], [0.08168, 0.015], [0.10891, 0.01]], [[0.0678, 0.975], [0.10169, 0.015], [0.13559, 0.01]], [[0.02238, 0.975], [0.03358, 0.015], [0.04477, 0.01]], [[0.25865, 0.975], [0.38797, 0.015], [0.5173, 0.01]], [[0.14575, 0.975], [0.21862, 0.015], [0.29149, 0.01]], [[1.94222, 0.975], [2.91333, 0.015], [3.88443, 0.01]], [[0.59246, 0.975], [0.8887, 0.015], [1.18493, 0.01]], [[4.98625, 0.975], [7.47938, 0.015], [9.97251, 0.01]], [[4.07517, 0.975], [6.11275, 0.015], [8.15033, 0.01]], [[33.89242, 0.975], [50.83863, 0.015], [67.78484, 0.01]]]

T=[[[1, 0.01], [2, 0.99]], [[1, 0.01], [2, 0.99]], [[20, 0.01], [30, 0.015], [40, 0.975]], [[20, 0.01], [30, 0.015], [40, 0.975]], [[50, 0.01], [75, 0.015], [100, 0.975]], [[200, 0.01], [300, 0.015], [400, 0.975]], [[200, 0.01], [300, 0.015], [400, 0.975]], [[500, 0.01], [750, 0.015], [1000, 0.975]], [[1000, 0.01], [1500, 0.015], [2000, 0.975]], [[1000, 0.01], [1500, 0.015], [2000, 0.975]]]
C=[[[0.01474, 0.975], [0.02212, 0.015], [0.02949, 0.01]], [[0.03016, 0.975], [0.04524, 0.015], [0.06032, 0.01]], [[3.1831, 0.975], [4.77465, 0.015], [6.36619, 0.01]], [[0.09245, 0.975], [0.13868, 0.015], [0.1849, 0.01]], [[0.01533, 0.975], [0.02299, 0.015], [0.03065, 0.01]], [[4.53877, 0.975], [6.80815, 0.015], [9.07754, 0.01]], [[32.42996, 0.975], [48.64495, 0.015], [64.85993, 0.01]], [[52.6589, 0.975], [78.98835, 0.015], [105.3178, 0.01]], [[8.87729, 0.975], [13.31593, 0.015], [17.75458, 0.01]], [[41.97514, 0.975], [62.96271, 0.015], [83.95027, 0.01]]]

T=[[[1, 0.01], [2, 0.99]], [[1, 0.01], [2, 0.99]], [[10, 0.01], [15, 0.015], [20, 0.975]], [[10, 0.01], [15, 0.015], [20, 0.975]], [[100, 0.01], [150, 0.015], [200, 0.975]], [[100, 0.01], [150, 0.015], [200, 0.975]], [[200, 0.01], [300, 0.015], [400, 0.975]], [[500, 0.01], [750, 0.015], [1000, 0.975]], [[500, 0.01], [750, 0.015], [1000, 0.975]], [[1000, 0.01], [1500, 0.015], [2000, 0.975]]]
C=[[[0.01428, 0.975], [0.02141, 0.015], [0.02855, 0.01]], [[0.10821, 0.975], [0.16232, 0.015], [0.21642, 0.01]], [[0.31752, 0.975], [0.47627, 0.015], [0.63503, 0.01]], [[0.26309, 0.975], [0.39464, 0.015], [0.52618, 0.01]], [[8.56971, 0.975], [12.85457, 0.015], [17.13942, 0.01]], [[9.43029, 0.975], [14.14544, 0.015], [18.86058, 0.01]], [[9.00235, 0.975], [13.50352, 0.015], [18.00469, 0.01]], [[58.23482, 0.975], [87.35223, 0.015], [116.46964, 0.01]], [[8.31083, 0.975], [12.46624, 0.015], [16.62165, 0.01]], [[11.34986, 0.975], [17.02479, 0.015], [22.69971, 0.01]]]

T=[[[5, 0.01], [8, 0.015], [10, 0.975]], [[5, 0.01], [8, 0.015], [10, 0.975]], [[10, 0.01], [15, 0.015], [20, 0.975]], [[20, 0.01], [30, 0.015], [40, 0.975]], [[50, 0.01], [75, 0.015], [100, 0.975]], [[100, 0.01], [150, 0.015], [200, 0.975]], [[200, 0.01], [300, 0.015], [400, 0.975]], [[500, 0.01], [750, 0.015], [1000, 0.975]], [[500, 0.01], [750, 0.015], [1000, 0.975]], [[500, 0.01], [750, 0.015], [1000, 0.975]]]
C=[[[0.27163, 0.975], [0.40744, 0.015], [0.54325, 0.01]], [[0.08053, 0.975], [0.1208, 0.015], [0.16107, 0.01]], [[1.96066, 0.975], [2.94098, 0.015], [3.92131, 0.01]], [[0.92988, 0.975], [1.39482, 0.015], [1.85976, 0.01]], [[1.56791, 0.975], [2.35186, 0.015], [3.13581, 0.01]], [[7.76821, 0.975], [11.65232, 0.015], [15.53642, 0.01]], [[5.72834, 0.975], [8.5925, 0.015], [11.45667, 0.01]], [[5.78062, 0.975], [8.67093, 0.015], [11.56123, 0.01]], [[35.7195, 0.975], [53.57925, 0.015], [71.43899, 0.01]], [[8.16306, 0.975], [12.24459, 0.015], [16.32613, 0.01]]]

T=[[[5, 0.01], [8, 0.015], [10, 0.975]], [[20, 0.01], [30, 0.015], [40, 0.975]], [[20, 0.01], [30, 0.015], [40, 0.975]], [[50, 0.01], [75, 0.015], [100, 0.975]], [[100, 0.01], [150, 0.015], [200, 0.975]], [[200, 0.01], [300, 0.015], [400, 0.975]], [[200, 0.01], [300, 0.015], [400, 0.975]], [[500, 0.01], [750, 0.015], [1000, 0.975]], [[500, 0.01], [750, 0.015], [1000, 0.975]], [[500, 0.01], [750, 0.015], [1000, 0.975]]]
C=[[[0.08777, 0.975], [0.13166, 0.015], [0.17554, 0.01]], [[1.12039, 0.975], [1.68059, 0.015], [2.24079, 0.01]], [[0.66611, 0.975], [0.99917, 0.015], [1.33223, 0.01]], [[0.14714, 0.975], [0.2207, 0.015], [0.29427, 0.01]], [[11.69751, 0.975], [17.54627, 0.015], [23.39503, 0.01]], [[10.56707, 0.975], [15.85061, 0.015], [21.13415, 0.01]], [[1.76808, 0.975], [2.65211, 0.015], [3.53615, 0.01]], [[20.20346, 0.975], [30.30518, 0.015], [40.40691, 0.01]], [[8.74811, 0.975], [13.12216, 0.015], [17.49621, 0.01]], [[101.8117, 0.975], [152.71754, 0.015], [203.62339, 0.01]]]

T=[[[1, 0.01], [2, 0.99]], [[1, 0.01], [2, 0.99]], [[1, 0.01], [2, 0.99]], [[2, 0.01], [3, 0.015], [4, 0.975]], [[2, 0.01], [3, 0.015], [4, 0.975]], [[5, 0.01], [8, 0.015], [10, 0.975]], [[10, 0.01], [15, 0.015], [20, 0.975]], [[200, 0.01], [300, 0.015], [400, 0.975]], [[1000, 0.01], [1500, 0.015], [2000, 0.975]], [[1000, 0.01], [1500, 0.015], [2000, 0.975]]]
C=[[[0.02188, 0.975], [0.03281, 0.015], [0.04375, 0.01]], [[0.03017, 0.975], [0.04525, 0.015], [0.06034, 0.01]], [[0.22385, 0.975], [0.33577, 0.015], [0.4477, 0.01]], [[0.06051, 0.975], [0.09076, 0.015], [0.12102, 0.01]], [[0.04766, 0.975], [0.0715, 0.015], [0.09533, 0.01]], [[0.34174, 0.975], [0.51261, 0.015], [0.68347, 0.01]], [[0.27848, 0.975], [0.41771, 0.015], [0.55695, 0.01]], [[14.00945, 0.975], [21.01418, 0.015], [28.01891, 0.01]], [[25.83177, 0.975], [38.74765, 0.015], [51.66353, 0.01]], [[27.94751, 0.975], [41.92127, 0.015], [55.89503, 0.01]]]

T=[[[5, 0.01], [8, 0.015], [10, 0.975]], [[5, 0.01], [8, 0.015], [10, 0.975]], [[10, 0.01], [15, 0.015], [20, 0.975]], [[10, 0.01], [15, 0.015], [20, 0.975]], [[20, 0.01], [30, 0.015], [40, 0.975]], [[50, 0.01], [75, 0.015], [100, 0.975]], [[100, 0.01], [150, 0.015], [200, 0.975]], [[500, 0.01], [750, 0.015], [1000, 0.975]], [[500, 0.01], [750, 0.015], [1000, 0.975]], [[1000, 0.01], [1500, 0.015], [2000, 0.975]]]
C=[[[0.17062, 0.975], [0.25593, 0.015], [0.34124, 0.01]], [[0.27113, 0.975], [0.40669, 0.015], [0.54226, 0.01]], [[0.57455, 0.975], [0.86183, 0.015], [1.14911, 0.01]], [[0.89495, 0.975], [1.34242, 0.015], [1.78989, 0.01]], [[0.1646, 0.975], [0.2469, 0.015], [0.3292, 0.01]], [[1.27788, 0.975], [1.91682, 0.015], [2.55576, 0.01]], [[1.84217, 0.975], [2.76326, 0.015], [3.68435, 0.01]], [[70.93051, 0.975], [106.39576, 0.015], [141.86102, 0.01]], [[13.90217, 0.975], [20.85325, 0.015], [27.80433, 0.01]], [[92.82574, 0.975], [139.23862, 0.015], [185.65149, 0.01]]]

T=[[[1, 0.01], [2, 0.99]], [[2, 0.01], [3, 0.015], [4, 0.975]], [[5, 0.01], [8, 0.015], [10, 0.975]], [[5, 0.01], [8, 0.015], [10, 0.975]], [[20, 0.01], [30, 0.015], [40, 0.975]], [[50, 0.01], [75, 0.015], [100, 0.975]], [[100, 0.01], [150, 0.015], [200, 0.975]], [[100, 0.01], [150, 0.015], [200, 0.975]], [[200, 0.01], [300, 0.015], [400, 0.975]], [[1000, 0.01], [1500, 0.015], [2000, 0.975]]]
C=[[[0.11444, 0.975], [0.17166, 0.015], [0.22889, 0.01]], [[0.08152, 0.975], [0.12228, 0.015], [0.16304, 0.01]], [[0.18009, 0.975], [0.27014, 0.015], [0.36019, 0.01]], [[0.13467, 0.975], [0.20201, 0.015], [0.26934, 0.01]], [[1.17038, 0.975], [1.75556, 0.015], [2.34075, 0.01]], [[6.83714, 0.975], [10.25571, 0.015], [13.67428, 0.01]], [[2.09795, 0.975], [3.14693, 0.015], [4.1959, 0.01]], [[7.85456, 0.975], [11.78183, 0.015], [15.70911, 0.01]], [[4.79888, 0.975], [7.19832, 0.015], [9.59776, 0.01]], [[13.06368, 0.975], [19.59553, 0.015], [26.12737, 0.01]]]

T=[[[1, 0.01], [2, 0.99]], [[1, 0.01], [2, 0.99]], [[2, 0.01], [3, 0.015], [4, 0.975]], [[5, 0.01], [8, 0.015], [10, 0.975]], [[5, 0.01], [8, 0.015], [10, 0.975]], [[10, 0.01], [15, 0.015], [20, 0.975]], [[20, 0.01], [30, 0.015], [40, 0.975]], [[100, 0.01], [150, 0.015], [200, 0.975]], [[100, 0.01], [150, 0.015], [200, 0.975]], [[1000, 0.01], [1500, 0.015], [2000, 0.975]]]
C=[[[0.07656, 0.975], [0.11484, 0.015], [0.15312, 0.01]], [[0.02698, 0.975], [0.04047, 0.015], [0.05396, 0.01]], [[0.1071, 0.975], [0.16065, 0.015], [0.2142, 0.01]], [[0.24577, 0.975], [0.36865, 0.015], [0.49153, 0.01]], [[0.59717, 0.975], [0.89576, 0.015], [1.19435, 0.01]], [[0.21616, 0.975], [0.32424, 0.015], [0.43232, 0.01]], [[0.06291, 0.975], [0.09436, 0.015], [0.12581, 0.01]], [[10.67318, 0.975], [16.00977, 0.015], [21.34636, 0.01]], [[5.7314, 0.975], [8.5971, 0.015], [11.4628, 0.01]], [[35.51224, 0.975], [53.26836, 0.015], [71.02449, 0.01]]]

T=[[[1, 0.01], [2, 0.99]], [[2, 0.01], [3, 0.015], [4, 0.975]], [[5, 0.01], [8, 0.015], [10, 0.975]], [[10, 0.01], [15, 0.015], [20, 0.975]], [[20, 0.01], [30, 0.015], [40, 0.975]], [[20, 0.01], [30, 0.015], [40, 0.975]], [[20, 0.01], [30, 0.015], [40, 0.975]], [[50, 0.01], [75, 0.015], [100, 0.975]], [[100, 0.01], [150, 0.015], [200, 0.975]], [[500, 0.01], [750, 0.015], [1000, 0.975]]]
C=[[[0.02666, 0.975], [0.03999, 0.015], [0.05332, 0.01]], [[0.36427, 0.975], [0.5464, 0.015], [0.72854, 0.01]], [[0.09155, 0.975], [0.13732, 0.015], [0.18309, 0.01]], [[1.07387, 0.975], [1.61081, 0.015], [2.14774, 0.01]], [[0.59355, 0.975], [0.89032, 0.015], [1.18709, 0.01]], [[1.18144, 0.975], [1.77216, 0.015], [2.36288, 0.01]], [[1.30064, 0.975], [1.95096, 0.015], [2.60129, 0.01]], [[0.85149, 0.975], [1.27724, 0.015], [1.70298, 0.01]], [[1.45, 0.975], [2.175, 0.015], [2.90001, 0.01]], [[15.09983, 0.975], [22.64974, 0.015], [30.19965, 0.01]]]

T=[[[2, 0.01], [3, 0.015], [4, 0.975]], [[5, 0.01], [8, 0.015], [10, 0.975]], [[5, 0.01], [8, 0.015], [10, 0.975]], [[10, 0.01], [15, 0.015], [20, 0.975]], [[20, 0.01], [30, 0.015], [40, 0.975]], [[20, 0.01], [30, 0.015], [40, 0.975]], [[100, 0.01], [150, 0.015], [200, 0.975]], [[100, 0.01], [150, 0.015], [200, 0.975]], [[200, 0.01], [300, 0.015], [400, 0.975]], [[200, 0.01], [300, 0.015], [400, 0.975]]]
C=[[[0.01178, 0.975], [0.01767, 0.015], [0.02356, 0.01]], [[0.00595, 0.975], [0.00893, 0.015], [0.0119, 0.01]], [[0.59931, 0.975], [0.89896, 0.015], [1.19861, 0.01]], [[0.31951, 0.975], [0.47927, 0.015], [0.63903, 0.01]], [[3.60324, 0.975], [5.40486, 0.015], [7.20648, 0.01]], [[0.49597, 0.975], [0.74395, 0.015], [0.99194, 0.01]], [[6.44986, 0.975], [9.67479, 0.015], [12.89971, 0.01]], [[10.20255, 0.975], [15.30382, 0.015], [20.40509, 0.01]], [[3.42195, 0.975], [5.13293, 0.015], [6.8439, 0.01]], [[0.50239, 0.975], [0.75358, 0.015], [1.00477, 0.01]]]

T=[[[2, 0.01], [3, 0.015], [4, 0.975]], [[2, 0.01], [3, 0.015], [4, 0.975]], [[2, 0.01], [3, 0.015], [4, 0.975]], [[10, 0.01], [15, 0.015], [20, 0.975]], [[20, 0.01], [30, 0.015], [40, 0.975]], [[50, 0.01], [75, 0.015], [100, 0.975]], [[100, 0.01], [150, 0.015], [200, 0.975]], [[200, 0.01], [300, 0.015], [400, 0.975]], [[500, 0.01], [750, 0.015], [1000, 0.975]], [[1000, 0.01], [1500, 0.015], [2000, 0.975]]]
C=[[[0.00617, 0.975], [0.00926, 0.015], [0.01234, 0.01]], [[0.20965, 0.975], [0.31447, 0.015], [0.41929, 0.01]], [[0.15207, 0.975], [0.2281, 0.015], [0.30414, 0.01]], [[0.21955, 0.975], [0.32932, 0.015], [0.43909, 0.01]], [[1.87969, 0.975], [2.81953, 0.015], [3.75938, 0.01]], [[1.5949, 0.975], [2.39235, 0.015], [3.18981, 0.01]], [[1.64814, 0.975], [2.47221, 0.015], [3.29628, 0.01]], [[6.04201, 0.975], [9.06302, 0.015], [12.08403, 0.01]], [[13.32442, 0.975], [19.98664, 0.015], [26.64885, 0.01]], [[144.87867, 0.975], [217.31801, 0.015], [289.75734, 0.01]]]

T=[[[1, 0.01], [2, 0.99]], [[5, 0.01], [8, 0.015], [10, 0.975]], [[10, 0.01], [15, 0.015], [20, 0.975]], [[10, 0.01], [15, 0.015], [20, 0.975]], [[20, 0.01], [30, 0.015], [40, 0.975]], [[50, 0.01], [75, 0.015], [100, 0.975]], [[500, 0.01], [750, 0.015], [1000, 0.975]], [[500, 0.01], [750, 0.015], [1000, 0.975]], [[1000, 0.01], [1500, 0.015], [2000, 0.975]], [[1000, 0.01], [1500, 0.015], [2000, 0.975]]]
C=[[[0.18873, 0.975], [0.28309, 0.015], [0.37745, 0.01]], [[0.39118, 0.975], [0.58677, 0.015], [0.78236, 0.01]], [[0.13334, 0.975], [0.20001, 0.015], [0.26668, 0.01]], [[0.76484, 0.975], [1.14725, 0.015], [1.52967, 0.01]], [[1.88843, 0.975], [2.83265, 0.015], [3.77687, 0.01]], [[2.54594, 0.975], [3.81891, 0.015], [5.09188, 0.01]], [[15.41279, 0.975], [23.11919, 0.015], [30.82559, 0.01]], [[1.63182, 0.975], [2.44772, 0.015], [3.26363, 0.01]], [[4.96141, 0.975], [7.44212, 0.015], [9.92282, 0.01]], [[8.82763, 0.975], [13.24145, 0.015], [17.65527, 0.01]]]

T=[[[1, 0.01], [2, 0.99]], [[2, 0.01], [3, 0.015], [4, 0.975]], [[5, 0.01], [8, 0.015], [10, 0.975]], [[5, 0.01], [8, 0.015], [10, 0.975]], [[10, 0.01], [15, 0.015], [20, 0.975]], [[100, 0.01], [150, 0.015], [200, 0.975]], [[100, 0.01], [150, 0.015], [200, 0.975]], [[200, 0.01], [300, 0.015], [400, 0.975]], [[500, 0.01], [750, 0.015], [1000, 0.975]], [[1000, 0.01], [1500, 0.015], [2000, 0.975]]]
C=[[[0.0436, 0.975], [0.0654, 0.015], [0.0872, 0.01]], [[0.13545, 0.975], [0.20318, 0.015], [0.2709, 0.01]], [[0.15048, 0.975], [0.22572, 0.015], [0.30096, 0.01]], [[0.12651, 0.975], [0.18977, 0.015], [0.25302, 0.01]], [[0.21138, 0.975], [0.31708, 0.015], [0.42277, 0.01]], [[4.03929, 0.975], [6.05893, 0.015], [8.07857, 0.01]], [[8.60188, 0.975], [12.90283, 0.015], [17.20377, 0.01]], [[43.6079, 0.975], [65.41184, 0.015], [87.21579, 0.01]], [[5.19272, 0.975], [7.78908, 0.015], [10.38544, 0.01]], [[7.29988, 0.975], [10.94982, 0.015], [14.59975, 0.01]]]

T=[[[1, 0.01], [2, 0.99]], [[1, 0.01], [2, 0.99]], [[1, 0.01], [2, 0.99]], [[2, 0.01], [3, 0.015], [4, 0.975]], [[5, 0.01], [8, 0.015], [10, 0.975]], [[10, 0.01], [15, 0.015], [20, 0.975]], [[20, 0.01], [30, 0.015], [40, 0.975]], [[200, 0.01], [300, 0.015], [400, 0.975]], [[200, 0.01], [300, 0.015], [400, 0.975]], [[500, 0.01], [750, 0.015], [1000, 0.975]]]
C=[[[0.01389, 0.975], [0.02084, 0.015], [0.02779, 0.01]], [[0.1476, 0.975], [0.2214, 0.015], [0.2952, 0.01]], [[0.00622, 0.975], [0.00932, 0.015], [0.01243, 0.01]], [[0.05432, 0.975], [0.08148, 0.015], [0.10864, 0.01]], [[0.02902, 0.975], [0.04354, 0.015], [0.05805, 0.01]], [[0.1913, 0.975], [0.28696, 0.015], [0.38261, 0.01]], [[2.25345, 0.975], [3.38017, 0.015], [4.50689, 0.01]], [[11.59673, 0.975], [17.39509, 0.015], [23.19345, 0.01]], [[28.20338, 0.975], [42.30507, 0.015], [56.40676, 0.01]], [[9.26059, 0.975], [13.89088, 0.015], [18.52118, 0.01]]]

T=[[[1, 0.01], [2, 0.99]], [[1, 0.01], [2, 0.99]], [[1, 0.01], [2, 0.99]], [[2, 0.01], [3, 0.015], [4, 0.975]], [[50, 0.01], [75, 0.015], [100, 0.975]], [[100, 0.01], [150, 0.015], [200, 0.975]], [[200, 0.01], [300, 0.015], [400, 0.975]], [[200, 0.01], [300, 0.015], [400, 0.975]], [[200, 0.01], [300, 0.015], [400, 0.975]], [[1000, 0.01], [1500, 0.015], [2000, 0.975]]]
C=[[[0.02193, 0.975], [0.03289, 0.015], [0.04385, 0.01]], [[0.12049, 0.975], [0.18073, 0.015], [0.24097, 0.01]], [[0.02697, 0.975], [0.04046, 0.015], [0.05395, 0.01]], [[0.14618, 0.975], [0.21927, 0.015], [0.29235, 0.01]], [[3.93983, 0.975], [5.90975, 0.015], [7.87966, 0.01]], [[5.85394, 0.975], [8.78092, 0.015], [11.70789, 0.01]], [[18.21534, 0.975], [27.32301, 0.015], [36.43068, 0.01]], [[3.29255, 0.975], [4.93883, 0.015], [6.5851, 0.01]], [[0.05647, 0.975], [0.08471, 0.015], [0.11295, 0.01]], [[62.36875, 0.975], [93.55312, 0.015], [124.7375, 0.01]]]

T=[[[1, 0.01], [2, 0.99]], [[2, 0.01], [3, 0.015], [4, 0.975]], [[5, 0.01], [8, 0.015], [10, 0.975]], [[5, 0.01], [8, 0.015], [10, 0.975]], [[20, 0.01], [30, 0.015], [40, 0.975]], [[20, 0.01], [30, 0.015], [40, 0.975]], [[50, 0.01], [75, 0.015], [100, 0.975]], [[100, 0.01], [150, 0.015], [200, 0.975]], [[100, 0.01], [150, 0.015], [200, 0.975]], [[200, 0.01], [300, 0.015], [400, 0.975]]]
C=[[[0.00136, 0.975], [0.00204, 0.015], [0.00271, 0.01]], [[0.01459, 0.975], [0.02188, 0.015], [0.02918, 0.01]], [[0.08739, 0.975], [0.13108, 0.015], [0.17477, 0.01]], [[1.00167, 0.975], [1.5025, 0.015], [2.00333, 0.01]], [[0.99914, 0.975], [1.4987, 0.015], [1.99827, 0.01]], [[3.32012, 0.975], [4.98018, 0.015], [6.64024, 0.01]], [[1.25902, 0.975], [1.88853, 0.015], [2.51803, 0.01]], [[5.6837, 0.975], [8.52555, 0.015], [11.3674, 0.01]], [[0.68332, 0.975], [1.02498, 0.015], [1.36663, 0.01]], [[3.74493, 0.975], [5.6174, 0.015], [7.48986, 0.01]]]

T=[[[1, 0.01], [2, 0.99]], [[1, 0.01], [2, 0.99]], [[2, 0.01], [3, 0.015], [4, 0.975]], [[2, 0.01], [3, 0.015], [4, 0.975]], [[10, 0.01], [15, 0.015], [20, 0.975]], [[20, 0.01], [30, 0.015], [40, 0.975]], [[100, 0.01], [150, 0.015], [200, 0.975]], [[200, 0.01], [300, 0.015], [400, 0.975]], [[500, 0.01], [750, 0.015], [1000, 0.975]], [[1000, 0.01], [1500, 0.015], [2000, 0.975]]]
C=[[[0.00864, 0.975], [0.01296, 0.015], [0.01728, 0.01]], [[0.03276, 0.975], [0.04914, 0.015], [0.06552, 0.01]], [[0.01702, 0.975], [0.02553, 0.015], [0.03404, 0.01]], [[0.12897, 0.975], [0.19345, 0.015], [0.25793, 0.01]], [[0.01216, 0.975], [0.01824, 0.015], [0.02432, 0.01]], [[2.51645, 0.975], [3.77468, 0.015], [5.03291, 0.01]], [[7.842, 0.975], [11.763, 0.015], [15.684, 0.01]], [[23.55865, 0.975], [35.33797, 0.015], [47.1173, 0.01]], [[10.54242, 0.975], [15.81363, 0.015], [21.08484, 0.01]], [[91.26964, 0.975], [136.90445, 0.015], [182.53927, 0.01]]]

T=[[[2, 0.01], [3, 0.015], [4, 0.975]], [[5, 0.01], [8, 0.015], [10, 0.975]], [[5, 0.01], [8, 0.015], [10, 0.975]], [[10, 0.01], [15, 0.015], [20, 0.975]], [[20, 0.01], [30, 0.015], [40, 0.975]], [[100, 0.01], [150, 0.015], [200, 0.975]], [[200, 0.01], [300, 0.015], [400, 0.975]], [[500, 0.01], [750, 0.015], [1000, 0.975]], [[500, 0.01], [750, 0.015], [1000, 0.975]], [[1000, 0.01], [1500, 0.015], [2000, 0.975]]]
C=[[[0.01154, 0.975], [0.01731, 0.015], [0.02308, 0.01]], [[0.05176, 0.975], [0.07764, 0.015], [0.10353, 0.01]], [[0.36782, 0.975], [0.55173, 0.015], [0.73564, 0.01]], [[0.567, 0.975], [0.85051, 0.015], [1.13401, 0.01]], [[0.98564, 0.975], [1.47847, 0.015], [1.97129, 0.01]], [[0.89954, 0.975], [1.34931, 0.015], [1.79908, 0.01]], [[15.50277, 0.975], [23.25415, 0.015], [31.00553, 0.01]], [[63.22097, 0.975], [94.83145, 0.015], [126.44194, 0.01]], [[47.68519, 0.975], [71.52778, 0.015], [95.37037, 0.01]], [[46.00953, 0.975], [69.0143, 0.015], [92.01907, 0.01]]]

T=[[[1, 0.01], [2, 0.99]], [[1, 0.01], [2, 0.99]], [[5, 0.01], [8, 0.015], [10, 0.975]], [[5, 0.01], [8, 0.015], [10, 0.975]], [[10, 0.01], [15, 0.015], [20, 0.975]], [[10, 0.01], [15, 0.015], [20, 0.975]], [[20, 0.01], [30, 0.015], [40, 0.975]], [[200, 0.01], [300, 0.015], [400, 0.975]], [[200, 0.01], [300, 0.015], [400, 0.975]], [[500, 0.01], [750, 0.015], [1000, 0.975]]]
C=[[[0.04184, 0.975], [0.06276, 0.015], [0.08368, 0.01]], [[0.10781, 0.975], [0.16171, 0.015], [0.21562, 0.01]], [[0.26546, 0.975], [0.39818, 0.015], [0.53091, 0.01]], [[0.06229, 0.975], [0.09343, 0.015], [0.12458, 0.01]], [[0.67702, 0.975], [1.01553, 0.015], [1.35404, 0.01]], [[0.38291, 0.975], [0.57437, 0.015], [0.76583, 0.01]], [[0.02612, 0.975], [0.03918, 0.015], [0.05224, 0.01]], [[33.8735, 0.975], [50.81025, 0.015], [67.747, 0.01]], [[3.95201, 0.975], [5.92801, 0.015], [7.90401, 0.01]], [[19.1886, 0.975], [28.7829, 0.015], [38.3772, 0.01]]]

T=[[[1, 0.01], [2, 0.99]], [[2, 0.01], [3, 0.015], [4, 0.975]], [[2, 0.01], [3, 0.015], [4, 0.975]], [[20, 0.01], [30, 0.015], [40, 0.975]], [[20, 0.01], [30, 0.015], [40, 0.975]], [[50, 0.01], [75, 0.015], [100, 0.975]], [[200, 0.01], [300, 0.015], [400, 0.975]], [[500, 0.01], [750, 0.015], [1000, 0.975]], [[500, 0.01], [750, 0.015], [1000, 0.975]], [[1000, 0.01], [1500, 0.015], [2000, 0.975]]]
C=[[[0.03309, 0.975], [0.04964, 0.015], [0.06619, 0.01]], [[0.0677, 0.975], [0.10155, 0.015], [0.1354, 0.01]], [[0.10365, 0.975], [0.15548, 0.015], [0.2073, 0.01]], [[0.09478, 0.975], [0.14217, 0.015], [0.18955, 0.01]], [[1.67042, 0.975], [2.50562, 0.015], [3.34083, 0.01]], [[0.63293, 0.975], [0.94939, 0.015], [1.26586, 0.01]], [[18.50678, 0.975], [27.76017, 0.015], [37.01356, 0.01]], [[33.21729, 0.975], [49.82593, 0.015], [66.43458, 0.01]], [[53.06517, 0.975], [79.59775, 0.015], [106.13033, 0.01]], [[65.21247, 0.975], [97.81871, 0.015], [130.42495, 0.01]]]

T=[[[2, 0.01], [3, 0.015], [4, 0.975]], [[2, 0.01], [3, 0.015], [4, 0.975]], [[2, 0.01], [3, 0.015], [4, 0.975]], [[5, 0.01], [8, 0.015], [10, 0.975]], [[5, 0.01], [8, 0.015], [10, 0.975]], [[10, 0.01], [15, 0.015], [20, 0.975]], [[20, 0.01], [30, 0.015], [40, 0.975]], [[100, 0.01], [150, 0.015], [200, 0.975]], [[100, 0.01], [150, 0.015], [200, 0.975]], [[200, 0.01], [300, 0.015], [400, 0.975]]]
C=[[[0.13086, 0.975], [0.1963, 0.015], [0.26173, 0.01]], [[0.23571, 0.975], [0.35356, 0.015], [0.47141, 0.01]], [[0.25459, 0.975], [0.38188, 0.015], [0.50918, 0.01]], [[0.24473, 0.975], [0.36709, 0.015], [0.48945, 0.01]], [[0.52639, 0.975], [0.78959, 0.015], [1.05278, 0.01]], [[0.0775, 0.975], [0.11625, 0.015], [0.15499, 0.01]], [[0.09922, 0.975], [0.14882, 0.015], [0.19843, 0.01]], [[0.87776, 0.975], [1.31664, 0.015], [1.75551, 0.01]], [[3.87282, 0.975], [5.80923, 0.015], [7.74564, 0.01]], [[4.99621, 0.975], [7.49432, 0.015], [9.99243, 0.01]]]

T=[[[1, 0.01], [2, 0.99]], [[10, 0.01], [15, 0.015], [20, 0.975]], [[10, 0.01], [15, 0.015], [20, 0.975]], [[50, 0.01], [75, 0.015], [100, 0.975]], [[50, 0.01], [75, 0.015], [100, 0.975]], [[100, 0.01], [150, 0.015], [200, 0.975]], [[100, 0.01], [150, 0.015], [200, 0.975]], [[200, 0.01], [300, 0.015], [400, 0.975]], [[200, 0.01], [300, 0.015], [400, 0.975]], [[500, 0.01], [750, 0.015], [1000, 0.975]]]
C=[[[0.01036, 0.975], [0.01554, 0.015], [0.02073, 0.01]], [[0.83885, 0.975], [1.25827, 0.015], [1.6777, 0.01]], [[0.80269, 0.975], [1.20404, 0.015], [1.60539, 0.01]], [[0.96252, 0.975], [1.44379, 0.015], [1.92505, 0.01]], [[2.47604, 0.975], [3.71406, 0.015], [4.95208, 0.01]], [[2.90269, 0.975], [4.35403, 0.015], [5.80537, 0.01]], [[15.6947, 0.975], [23.54205, 0.015], [31.3894, 0.01]], [[7.95214, 0.975], [11.92821, 0.015], [15.90427, 0.01]], [[13.83129, 0.975], [20.74694, 0.015], [27.66258, 0.01]], [[5.91042, 0.975], [8.86562, 0.015], [11.82083, 0.01]]]

T=[[[1, 0.01], [2, 0.99]], [[1, 0.01], [2, 0.99]], [[1, 0.01], [2, 0.99]], [[1, 0.01], [2, 0.99]], [[2, 0.01], [3, 0.015], [4, 0.975]], [[10, 0.01], [15, 0.015], [20, 0.975]], [[20, 0.01], [30, 0.015], [40, 0.975]], [[200, 0.01], [300, 0.015], [400, 0.975]], [[200, 0.01], [300, 0.015], [400, 0.975]], [[200, 0.01], [300, 0.015], [400, 0.975]]]
C=[[[0.08389, 0.975], [0.12583, 0.015], [0.16777, 0.01]], [[0.0297, 0.975], [0.04455, 0.015], [0.0594, 0.01]], [[0.05171, 0.975], [0.07756, 0.015], [0.10342, 0.01]], [[0.01178, 0.975], [0.01767, 0.015], [0.02356, 0.01]], [[0.20904, 0.975], [0.31356, 0.015], [0.41808, 0.01]], [[0.23572, 0.975], [0.35357, 0.015], [0.47143, 0.01]], [[1.00975, 0.975], [1.51463, 0.015], [2.0195, 0.01]], [[22.77157, 0.975], [34.15736, 0.015], [45.54314, 0.01]], [[10.21643, 0.975], [15.32464, 0.015], [20.43286, 0.01]], [[5.88056, 0.975], [8.82083, 0.015], [11.76111, 0.01]]]

