T=[[[2, 0.01], [3, 0.015], [4, 0.975]], [[2, 0.01], [3, 0.015], [4, 0.975]], [[2, 0.01], [3, 0.015], [4, 0.975]], [[2, 0.01], [3, 0.015], [4, 0.975]], [[10, 0.01], [15, 0.015], [20, 0.975]], [[50, 0.01], [75, 0.015], [100, 0.975]], [[50, 0.01], [75, 0.015], [100, 0.975]], [[200, 0.01], [300, 0.015], [400, 0.975]], [[200, 0.01], [300, 0.015], [400, 0.975]], [[200, 0.01], [300, 0.015], [400, 0.975]]]
C=[[[0.29932, 0.975], [0.44897, 0.015], [0.59863, 0.01]], [[0.36865, 0.975], [0.55297, 0.015], [0.73729, 0.01]], [[0.04128, 0.975], [0.06191, 0.015], [0.08255, 0.01]], [[0.08833, 0.975], [0.1325, 0.015], [0.17666, 0.01]], [[0.01559, 0.975], [0.02339, 0.015], [0.03118, 0.01]], [[0.63456, 0.975], [0.95183, 0.015], [1.26911, 0.01]], [[5.28512, 0.975], [7.92768, 0.015], [10.57024, 0.01]], [[1.31754, 0.975], [1.97631, 0.015], [2.63508, 0.01]], [[7.5517, 0.975], [11.32755, 0.015], [15.1034, 0.01]], [[7.38333, 0.975], [11.075, 0.015], [14.76667, 0.01]]]

T=[[[1, 0.01], [2, 0.99]], [[20, 0.01], [30, 0.015], [40, 0.975]], [[20, 0.01], [30, 0.015], [40, 0.975]], [[50, 0.01], [75, 0.015], [100, 0.975]], [[100, 0.01], [150, 0.015], [200, 0.975]], [[100, 0.01], [150, 0.015], [200, 0.975]], [[100, 0.01], [150, 0.015], [200, 0.975]], [[200, 0.01], [300, 0.015], [400, 0.975]], [[200, 0.01], [300, 0.015], [400, 0.975]], [[500, 0.01], [750, 0.015], [1000, 0.975]]]
C=[[[0.25866, 0.975], [0.38798, 0.015], [0.51731, 0.01]], [[0.57147, 0.975], [0.85721, 0.015], [1.14294, 0.01]], [[0.43119, 0.975], [0.64679, 0.015], [0.86238, 0.01]], [[0.59563, 0.975], [0.89345, 0.015], [1.19126, 0.01]], [[4.05425, 0.975], [6.08137, 0.015], [8.1085, 0.01]], [[8.44449, 0.975], [12.66674, 0.015], [16.88899, 0.01]], [[11.44467, 0.975], [17.167, 0.015], [22.88933, 0.01]], [[2.65958, 0.975], [3.98936, 0.015], [5.31915, 0.01]], [[5.20759, 0.975], [7.81138, 0.015], [10.41518, 0.01]], [[0.26393, 0.975], [0.39589, 0.015], [0.52785, 0.01]]]

T=[[[1, 0.01], [2, 0.99]], [[1, 0.01], [2, 0.99]], [[2, 0.01], [3, 0.015], [4, 0.975]], [[5, 0.01], [8, 0.015], [10, 0.975]], [[10, 0.01], [15, 0.015], [20, 0.975]], [[100, 0.01], [150, 0.015], [200, 0.975]], [[200, 0.01], [300, 0.015], [400, 0.975]], [[200, 0.01], [300, 0.015], [400, 0.975]], [[500, 0.01], [750, 0.015], [1000, 0.975]], [[1000, 0.01], [1500, 0.015], [2000, 0.975]]]
C=[[[0.19775, 0.975], [0.29662, 0.015], [0.3955, 0.01]], [[0.10136, 0.975], [0.15204, 0.015], [0.20272, 0.01]], [[0.00498, 0.975], [0.00747, 0.015], [0.00997, 0.01]], [[0.01736, 0.975], [0.02604, 0.015], [0.03472, 0.01]], [[1.24963, 0.975], [1.87444, 0.015], [2.49925, 0.01]], [[3.32549, 0.975], [4.98824, 0.015], [6.65098, 0.01]], [[7.8143, 0.975], [11.72144, 0.015], [15.62859, 0.01]], [[2.98071, 0.975], [4.47106, 0.015], [5.96142, 0.01]], [[20.07043, 0.975], [30.10564, 0.015], [40.14085, 0.01]], [[42.59639, 0.975], [63.89459, 0.015], [85.19279, 0.01]]]

T=[[[1, 0.01], [2, 0.99]], [[1, 0.01], [2, 0.99]], [[5, 0.01], [8, 0.015], [10, 0.975]], [[5, 0.01], [8, 0.015], [10, 0.975]], [[50, 0.01], [75, 0.015], [100, 0.975]], [[50, 0.01], [75, 0.015], [100, 0.975]], [[500, 0.01], [750, 0.015], [1000, 0.975]], [[500, 0.01], [750, 0.015], [1000, 0.975]], [[500, 0.01], [750, 0.015], [1000, 0.975]], [[1000, 0.01], [1500, 0.015], [2000, 0.975]]]
C=[[[0.00948, 0.975], [0.01422, 0.015], [0.01895, 0.01]], [[0.00778, 0.975], [0.01167, 0.015], [0.01556, 0.01]], [[0.65485, 0.975], [0.98228, 0.015], [1.30971, 0.01]], [[0.60818, 0.975], [0.91227, 0.015], [1.21636, 0.01]], [[0.34621, 0.975], [0.51931, 0.015], [0.69241, 0.01]], [[0.94445, 0.975], [1.41668, 0.015], [1.88891, 0.01]], [[10.03513, 0.975], [15.05269, 0.015], [20.07026, 0.01]], [[8.47381, 0.975], [12.71072, 0.015], [16.94763, 0.01]], [[57.99464, 0.975], [86.99196, 0.015], [115.98929, 0.01]], [[151.31757, 0.975], [226.97636, 0.015], [302.63515, 0.01]]]

T=[[[2, 0.01], [3, 0.015], [4, 0.975]], [[10, 0.01], [15, 0.015], [20, 0.975]], [[10, 0.01], [15, 0.015], [20, 0.975]], [[10, 0.01], [15, 0.015], [20, 0.975]], [[10, 0.01], [15, 0.015], [20, 0.975]], [[20, 0.01], [30, 0.015], [40, 0.975]], [[50, 0.01], [75, 0.015], [100, 0.975]], [[50, 0.01], [75, 0.015], [100, 0.975]], [[500, 0.01], [750, 0.015], [1000, 0.975]], [[1000, 0.01], [1500, 0.015], [2000, 0.975]]]
C=[[[0.02324, 0.975], [0.03485, 0.015], [0.04647, 0.01]], [[0.25036, 0.975], [0.37554, 0.015], [0.50072, 0.01]], [[0.45677, 0.975], [0.68516, 0.015], [0.91354, 0.01]], [[0.38548, 0.975], [0.57822, 0.015], [0.77097, 0.01]], [[0.52671, 0.975], [0.79006, 0.015], [1.05342, 0.01]], [[0.36799, 0.975], [0.55198, 0.015], [0.73598, 0.01]], [[1.97878, 0.975], [2.96817, 0.015], [3.95755, 0.01]], [[2.4318, 0.975], [3.6477, 0.015], [4.8636, 0.01]], [[134.22919, 0.975], [201.34378, 0.015], [268.45837, 0.01]], [[51.38025, 0.975], [77.07037, 0.015], [102.7605, 0.01]]]

T=[[[1, 0.01], [2, 0.99]], [[5, 0.01], [8, 0.015], [10, 0.975]], [[10, 0.01], [15, 0.015], [20, 0.975]], [[10, 0.01], [15, 0.015], [20, 0.975]], [[50, 0.01], [75, 0.015], [100, 0.975]], [[100, 0.01], [150, 0.015], [200, 0.975]], [[1000, 0.01], [1500, 0.015], [2000, 0.975]], [[1000, 0.01], [1500, 0.015], [2000, 0.975]], [[1000, 0.01], [1500, 0.015], [2000, 0.975]], [[1000, 0.01], [1500, 0.015], [2000, 0.975]]]
C=[[[0.20701, 0.975], [0.31051, 0.015], [0.41402, 0.01]], [[0.04847, 0.975], [0.07271, 0.015], [0.09694, 0.01]], [[0.80296, 0.975], [1.20444, 0.015], [1.60592, 0.01]], [[0.13907, 0.975], [0.2086, 0.015], [0.27814, 0.01]], [[6.41199, 0.975], [9.61799, 0.015], [12.82399, 0.01]], [[2.47974, 0.975], [3.7196, 0.015], [4.95947, 0.01]], [[1.26313, 0.975], [1.8947, 0.015], [2.52627, 0.01]], [[110.96856, 0.975], [166.45285, 0.015], [221.93713, 0.01]], [[17.97911, 0.975], [26.96867, 0.015], [35.95822, 0.01]], [[5.84676, 0.975], [8.77014, 0.015], [11.69351, 0.01]]]

T=[[[1, 0.01], [2, 0.99]], [[5, 0.01], [8, 0.015], [10, 0.975]], [[10, 0.01], [15, 0.015], [20, 0.975]], [[10, 0.01], [15, 0.015], [20, 0.975]], [[50, 0.01], [75, 0.015], [100, 0.975]], [[50, 0.01], [75, 0.015], [100, 0.975]], [[200, 0.01], [300, 0.015], [400, 0.975]], [[200, 0.01], [300, 0.015], [400, 0.975]], [[500, 0.01], [750, 0.015], [1000, 0.975]], [[1000, 0.01], [1500, 0.015], [2000, 0.975]]]
C=[[[0.07617, 0.975], [0.11426, 0.015], [0.15234, 0.01]], [[0.11329, 0.975], [0.16993, 0.015], [0.22658, 0.01]], [[1.0853, 0.975], [1.62796, 0.015], [2.17061, 0.01]], [[0.46431, 0.975], [0.69647, 0.015], [0.92862, 0.01]], [[2.59614, 0.975], [3.89421, 0.015], [5.19228, 0.01]], [[0.76325, 0.975], [1.14487, 0.015], [1.52649, 0.01]], [[7.31345, 0.975], [10.97018, 0.015], [14.6269, 0.01]], [[25.31773, 0.975], [37.97659, 0.015], [50.63545, 0.01]], [[49.62586, 0.975], [74.43879, 0.015], [99.25172, 0.01]], [[16.61533, 0.975], [24.923, 0.015], [33.23067, 0.01]]]

T=[[[1, 0.01], [2, 0.99]], [[2, 0.01], [3, 0.015], [4, 0.975]], [[2, 0.01], [3, 0.015], [4, 0.975]], [[5, 0.01], [8, 0.015], [10, 0.975]], [[5, 0.01], [8, 0.015], [10, 0.975]], [[50, 0.01], [75, 0.015], [100, 0.975]], [[100, 0.01], [150, 0.015], [200, 0.975]], [[200, 0.01], [300, 0.015], [400, 0.975]], [[500, 0.01], [750, 0.015], [1000, 0.975]], [[1000, 0.01], [1500, 0.015], [2000, 0.975]]]
C=[[[0.00555, 0.975], [0.00832, 0.015], [0.01109, 0.01]], [[0.36655, 0.975], [0.54982, 0.015], [0.7331, 0.01]], [[0.11097, 0.975], [0.16646, 0.015], [0.22194, 0.01]], [[0.11792, 0.975], [0.17687, 0.015], [0.23583, 0.01]], [[0.15136, 0.975], [0.22704, 0.015], [0.30272, 0.01]], [[2.63542, 0.975], [3.95313, 0.015], [5.27084, 0.01]], [[3.4357, 0.975], [5.15354, 0.015], [6.87139, 0.01]], [[13.65343, 0.975], [20.48014, 0.015], [27.30686, 0.01]], [[61.69502, 0.975], [92.54253, 0.015], [123.39005, 0.01]], [[23.11731, 0.975], [34.67596, 0.015], [46.23462, 0.01]]]

T=[[[2, 0.01], [3, 0.015], [4, 0.975]], [[5, 0.01], [8, 0.015], [10, 0.975]], [[20, 0.01], [30, 0.015], [40, 0.975]], [[20, 0.01], [30, 0.015], [40, 0.975]], [[20, 0.01], [30, 0.015], [40, 0.975]], [[50, 0.01], [75, 0.015], [100, 0.975]], [[100, 0.01], [150, 0.015], [200, 0.975]], [[200, 0.01], [300, 0.015], [400, 0.975]], [[500, 0.01], [750, 0.015], [1000, 0.975]], [[1000, 0.01], [1500, 0.015], [2000, 0.975]]]
C=[[[0.0228, 0.975], [0.03421, 0.015], [0.04561, 0.01]], [[0.53059, 0.975], [0.79589, 0.015], [1.06119, 0.01]], [[0.4866, 0.975], [0.7299, 0.015], [0.9732, 0.01]], [[1.22163, 0.975], [1.83244, 0.015], [2.44326, 0.01]], [[2.54702, 0.975], [3.82052, 0.015], [5.09403, 0.01]], [[4.79774, 0.975], [7.19661, 0.015], [9.59548, 0.01]], [[6.24067, 0.975], [9.36101, 0.015], [12.48134, 0.01]], [[10.03673, 0.975], [15.0551, 0.015], [20.07346, 0.01]], [[9.0881, 0.975], [13.63214, 0.015], [18.17619, 0.01]], [[42.9957, 0.975], [64.49356, 0.015], [85.99141, 0.01]]]

T=[[[2, 0.01], [3, 0.015], [4, 0.975]], [[5, 0.01], [8, 0.015], [10, 0.975]], [[5, 0.01], [8, 0.015], [10, 0.975]], [[50, 0.01], [75, 0.015], [100, 0.975]], [[50, 0.01], [75, 0.015], [100, 0.975]], [[50, 0.01], [75, 0.015], [100, 0.975]], [[100, 0.01], [150, 0.015], [200, 0.975]], [[200, 0.01], [300, 0.015], [400, 0.975]], [[500, 0.01], [750, 0.015], [1000, 0.975]], [[1000, 0.01], [1500, 0.015], [2000, 0.975]]]
C=[[[0.00361, 0.975], [0.00542, 0.015], [0.00723, 0.01]], [[0.17799, 0.975], [0.26698, 0.015], [0.35597, 0.01]], [[0.03304, 0.975], [0.04956, 0.015], [0.06608, 0.01]], [[12.12363, 0.975], [18.18545, 0.015], [24.24727, 0.01]], [[5.23965, 0.975], [7.85947, 0.015], [10.47929, 0.01]], [[3.7805, 0.975], [5.67076, 0.015], [7.56101, 0.01]], [[1.31562, 0.975], [1.97343, 0.015], [2.63124, 0.01]], [[12.90439, 0.975], [19.35658, 0.015], [25.80877, 0.01]], [[10.4809, 0.975], [15.72135, 0.015], [20.9618, 0.01]], [[34.47208, 0.975], [51.70812, 0.015], [68.94415, 0.01]]]

T=[[[1, 0.01], [2, 0.99]], [[5, 0.01], [8, 0.015], [10, 0.975]], [[5, 0.01], [8, 0.015], [10, 0.975]], [[10, 0.01], [15, 0.015], [20, 0.975]], [[50, 0.01], [75, 0.015], [100, 0.975]], [[200, 0.01], [300, 0.015], [400, 0.975]], [[500, 0.01], [750, 0.015], [1000, 0.975]], [[500, 0.01], [750, 0.015], [1000, 0.975]], [[500, 0.01], [750, 0.015], [1000, 0.975]], [[1000, 0.01], [1500, 0.015], [2000, 0.975]]]
C=[[[0.05944, 0.975], [0.08916, 0.015], [0.11888, 0.01]], [[0.72323, 0.975], [1.08484, 0.015], [1.44646, 0.01]], [[0.03823, 0.975], [0.05735, 0.015], [0.07646, 0.01]], [[0.27357, 0.975], [0.41036, 0.015], [0.54714, 0.01]], [[3.17504, 0.975], [4.76256, 0.015], [6.35008, 0.01]], [[4.62145, 0.975], [6.93218, 0.015], [9.2429, 0.01]], [[67.82117, 0.975], [101.73175, 0.015], [135.64234, 0.01]], [[29.2598, 0.975], [43.88969, 0.015], [58.51959, 0.01]], [[34.57923, 0.975], [51.86884, 0.015], [69.15845, 0.01]], [[10.98433, 0.975], [16.4765, 0.015], [21.96866, 0.01]]]

T=[[[1, 0.01], [2, 0.99]], [[1, 0.01], [2, 0.99]], [[2, 0.01], [3, 0.015], [4, 0.975]], [[5, 0.01], [8, 0.015], [10, 0.975]], [[5, 0.01], [8, 0.015], [10, 0.975]], [[20, 0.01], [30, 0.015], [40, 0.975]], [[200, 0.01], [300, 0.015], [400, 0.975]], [[200, 0.01], [300, 0.015], [400, 0.975]], [[200, 0.01], [300, 0.015], [400, 0.975]], [[1000, 0.01], [1500, 0.015], [2000, 0.975]]]
C=[[[0.03715, 0.975], [0.05572, 0.015], [0.07429, 0.01]], [[0.19287, 0.975], [0.28931, 0.015], [0.38575, 0.01]], [[0.0247, 0.975], [0.03705, 0.015], [0.04941, 0.01]], [[0.11729, 0.975], [0.17593, 0.015], [0.23458, 0.01]], [[0.11691, 0.975], [0.17537, 0.015], [0.23383, 0.01]], [[1.95112, 0.975], [2.92668, 0.015], [3.90225, 0.01]], [[0.7434, 0.975], [1.1151, 0.015], [1.4868, 0.01]], [[1.91046, 0.975], [2.8657, 0.015], [3.82093, 0.01]], [[25.07616, 0.975], [37.61423, 0.015], [50.15231, 0.01]], [[74.58316, 0.975], [111.87474, 0.015], [149.16632, 0.01]]]

T=[[[1, 0.01], [2, 0.99]], [[2, 0.01], [3, 0.015], [4, 0.975]], [[10, 0.01], [15, 0.015], [20, 0.975]], [[10, 0.01], [15, 0.015], [20, 0.975]], [[20, 0.01], [30, 0.015], [40, 0.975]], [[50, 0.01], [75, 0.015], [100, 0.975]], [[100, 0.01], [150, 0.015], [200, 0.975]], [[100, 0.01], [150, 0.015], [200, 0.975]], [[500, 0.01], [750, 0.015], [1000, 0.975]], [[500, 0.01], [750, 0.015], [1000, 0.975]]]
C=[[[0.02204, 0.975], [0.03305, 0.015], [0.04407, 0.01]], [[0.18459, 0.975], [0.27688, 0.015], [0.36918, 0.01]], [[1.04672, 0.975], [1.57007, 0.015], [2.09343, 0.01]], [[0.09958, 0.975], [0.14936, 0.015], [0.19915, 0.01]], [[1.7592, 0.975], [2.6388, 0.015], [3.5184, 0.01]], [[1.34336, 0.975], [2.01505, 0.015], [2.68673, 0.01]], [[13.53482, 0.975], [20.30223, 0.015], [27.06964, 0.01]], [[0.46319, 0.975], [0.69478, 0.015], [0.92637, 0.01]], [[50.84128, 0.975], [76.26193, 0.015], [101.68257, 0.01]], [[7.27531, 0.975], [10.91296, 0.015], [14.55061, 0.01]]]

T=[[[10, 0.01], [15, 0.015], [20, 0.975]], [[10, 0.01], [15, 0.015], [20, 0.975]], [[20, 0.01], [30, 0.015], [40, 0.975]], [[100, 0.01], [150, 0.015], [200, 0.975]], [[200, 0.01], [300, 0.015], [400, 0.975]], [[200, 0.01], [300, 0.015], [400, 0.975]], [[500, 0.01], [750, 0.015], [1000, 0.975]], [[1000, 0.01], [1500, 0.015], [2000, 0.975]], [[1000, 0.01], [1500, 0.015], [2000, 0.975]], [[1000, 0.01], [1500, 0.015], [2000, 0.975]]]
C=[[[0.26392, 0.975], [0.39588, 0.015], [0.52784, 0.01]], [[0.61582, 0.975], [0.92374, 0.015], [1.23165, 0.01]], [[2.43941, 0.975], [3.65911, 0.015], [4.87882, 0.01]], [[0.04518, 0.975], [0.06777, 0.015], [0.09036, 0.01]], [[19.3246, 0.975], [28.9869, 0.015], [38.6492, 0.01]], [[17.21686, 0.975], [25.82529, 0.015], [34.43372, 0.01]], [[6.5513, 0.975], [9.82694, 0.015], [13.10259, 0.01]], [[107.62535, 0.975], [161.43802, 0.015], [215.2507, 0.01]], [[54.53065, 0.975], [81.79598, 0.015], [109.0613, 0.01]], [[31.63732, 0.975], [47.45598, 0.015], [63.27463, 0.01]]]

T=[[[1, 0.01], [2, 0.99]], [[1, 0.01], [2, 0.99]], [[2, 0.01], [3, 0.015], [4, 0.975]], [[2, 0.01], [3, 0.015], [4, 0.975]], [[2, 0.01], [3, 0.015], [4, 0.975]], [[2, 0.01], [3, 0.015], [4, 0.975]], [[10, 0.01], [15, 0.015], [20, 0.975]], [[100, 0.01], [150, 0.015], [200, 0.975]], [[100, 0.01], [150, 0.015], [200, 0.975]], [[200, 0.01], [300, 0.015], [400, 0.975]]]
C=[[[0.01598, 0.975], [0.02397, 0.015], [0.03195, 0.01]], [[0.02278, 0.975], [0.03418, 0.015], [0.04557, 0.01]], [[0.06486, 0.975], [0.09729, 0.015], [0.12971, 0.01]], [[0.04687, 0.975], [0.0703, 0.015], [0.09373, 0.01]], [[0.30098, 0.975], [0.45148, 0.015], [0.60197, 0.01]], [[0.12471, 0.975], [0.18706, 0.015], [0.24942, 0.01]], [[0.41137, 0.975], [0.61706, 0.015], [0.82274, 0.01]], [[10.40328, 0.975], [15.60492, 0.015], [20.80656, 0.01]], [[13.32265, 0.975], [19.98397, 0.015], [26.6453, 0.01]], [[2.82681, 0.975], [4.24022, 0.015], [5.65363, 0.01]]]

T=[[[5, 0.01], [8, 0.015], [10, 0.975]], [[10, 0.01], [15, 0.015], [20, 0.975]], [[50, 0.01], [75, 0.015], [100, 0.975]], [[50, 0.01], [75, 0.015], [100, 0.975]], [[50, 0.01], [75, 0.015], [100, 0.975]], [[200, 0.01], [300, 0.015], [400, 0.975]], [[200, 0.01], [300, 0.015], [400, 0.975]], [[500, 0.01], [750, 0.015], [1000, 0.975]], [[500, 0.01], [750, 0.015], [1000, 0.975]], [[1000, 0.01], [1500, 0.015], [2000, 0.975]]]
C=[[[0.56212, 0.975], [0.84318, 0.015], [1.12424, 0.01]], [[0.69018, 0.975], [1.03526, 0.015], [1.38035, 0.01]], [[4.13522, 0.975], [6.20282, 0.015], [8.27043, 0.01]], [[8.6537, 0.975], [12.98055, 0.015], [17.3074, 0.01]], [[0.64501, 0.975], [0.96752, 0.015], [1.29002, 0.01]], [[2.51049, 0.975], [3.76574, 0.015], [5.02099, 0.01]], [[0.87769, 0.975], [1.31654, 0.015], [1.75539, 0.01]], [[16.47023, 0.975], [24.70535, 0.015], [32.94047, 0.01]], [[12.47889, 0.975], [18.71833, 0.015], [24.95777, 0.01]], [[75.04091, 0.975], [112.56136, 0.015], [150.08182, 0.01]]]

T=[[[1, 0.01], [2, 0.99]], [[2, 0.01], [3, 0.015], [4, 0.975]], [[2, 0.01], [3, 0.015], [4, 0.975]], [[5, 0.01], [8, 0.015], [10, 0.975]], [[20, 0.01], [30, 0.015], [40, 0.975]], [[50, 0.01], [75, 0.015], [100, 0.975]], [[100, 0.01], [150, 0.015], [200, 0.975]], [[100, 0.01], [150, 0.015], [200, 0.975]], [[1000, 0.01], [1500, 0.015], [2000, 0.975]], [[1000, 0.01], [1500, 0.015], [2000, 0.975]]]
C=[[[0.08382, 0.975], [0.12572, 0.015], [0.16763, 0.01]], [[0.01352, 0.975], [0.02029, 0.015], [0.02705, 0.01]], [[0.4318, 0.975], [0.64769, 0.015], [0.86359, 0.01]], [[0.14644, 0.975], [0.21966, 0.015], [0.29288, 0.01]], [[0.07719, 0.975], [0.11578, 0.015], [0.15438, 0.01]], [[0.9697, 0.975], [1.45455, 0.015], [1.9394, 0.01]], [[3.43453, 0.975], [5.15179, 0.015], [6.86906, 0.01]], [[0.61752, 0.975], [0.92628, 0.015], [1.23504, 0.01]], [[105.08649, 0.975], [157.62974, 0.015], [210.17299, 0.01]], [[95.37603, 0.975], [143.06404, 0.015], [190.75205, 0.01]]]

T=[[[2, 0.01], [3, 0.015], [4, 0.975]], [[5, 0.01], [8, 0.015], [10, 0.975]], [[5, 0.01], [8, 0.015], [10, 0.975]], [[10, 0.01], [15, 0.015], [20, 0.975]], [[10, 0.01], [15, 0.015], [20, 0.975]], [[100, 0.01], [150, 0.015], [200, 0.975]], [[200, 0.01], [300, 0.015], [400, 0.975]], [[200, 0.01], [300, 0.015], [400, 0.975]], [[500, 0.01], [750, 0.015], [1000, 0.975]], [[1000, 0.01], [1500, 0.015], [2000, 0.975]]]
C=[[[0.04548, 0.975], [0.06822, 0.015], [0.09096, 0.01]], [[0.34862, 0.975], [0.52293, 0.015], [0.69724, 0.01]], [[0.11845, 0.975], [0.17768, 0.015], [0.2369, 0.01]], [[0.70093, 0.975], [1.0514, 0.015], [1.40187, 0.01]], [[0.78155, 0.975], [1.17233, 0.015], [1.56311, 0.01]], [[0.83489, 0.975], [1.25234, 0.015], [1.66978, 0.01]], [[20.23539, 0.975], [30.35309, 0.015], [40.47079, 0.01]], [[11.08829, 0.975], [16.63243, 0.015], [22.17657, 0.01]], [[77.32258, 0.975], [115.98387, 0.015], [154.64515, 0.01]], [[15.98385, 0.975], [23.97577, 0.015], [31.96769, 0.01]]]

T=[[[1, 0.01], [2, 0.99]], [[2, 0.01], [3, 0.015], [4, 0.975]], [[5, 0.01], [8, 0.015], [10, 0.975]], [[10, 0.01], [15, 0.015], [20, 0.975]], [[20, 0.01], [30, 0.015], [40, 0.975]], [[50, 0.01], [75, 0.015], [100, 0.975]], [[50, 0.01], [75, 0.015], [100, 0.975]], [[200, 0.01], [300, 0.015], [400, 0.975]], [[500, 0.01], [750, 0.015], [1000, 0.975]], [[1000, 0.01], [1500, 0.015], [2000, 0.975]]]
C=[[[0.04547, 0.975], [0.0682, 0.015], [0.09093, 0.01]], [[0.27589, 0.975], [0.41383, 0.015], [0.55178, 0.01]], [[0.0103, 0.975], [0.01544, 0.015], [0.02059, 0.01]], [[0.32803, 0.975], [0.49205, 0.015], [0.65607, 0.01]], [[1.67138, 0.975], [2.50707, 0.015], [3.34276, 0.01]], [[2.89799, 0.975], [4.34699, 0.015], [5.79599, 0.01]], [[1.67535, 0.975], [2.51303, 0.015], [3.3507, 0.01]], [[24.85249, 0.975], [37.27873, 0.015], [49.70497, 0.01]], [[27.29315, 0.975], [40.93972, 0.015], [54.58629, 0.01]], [[27.84177, 0.975], [41.76266, 0.015], [55.68355, 0.01]]]

T=[[[1, 0.01], [2, 0.99]], [[2, 0.01], [3, 0.015], [4, 0.975]], [[5, 0.01], [8, 0.015], [10, 0.975]], [[10, 0.01], [15, 0.015], [20, 0.975]], [[20, 0.01], [30, 0.015], [40, 0.975]], [[200, 0.01], [300, 0.015], [400, 0.975]], [[200, 0.01], [300, 0.015], [400, 0.975]], [[200, 0.01], [300, 0.015], [400, 0.975]], [[500, 0.01], [750, 0.015], [1000, 0.975]], [[1000, 0.01], [1500, 0.015], [2000, 0.975]]]
C=[[[0.01478, 0.975], [0.02216, 0.015], [0.02955, 0.01]], [[0.28541, 0.975], [0.42811, 0.015], [0.57082, 0.01]], [[0.25056, 0.975], [0.37584, 0.015], [0.50111, 0.01]], [[0.03718, 0.975], [0.05577, 0.015], [0.07436, 0.01]], [[1.06453, 0.975], [1.59679, 0.015], [2.12906, 0.01]], [[10.70677, 0.975], [16.06016, 0.015], [21.41355, 0.01]], [[8.24805, 0.975], [12.37208, 0.015], [16.4961, 0.01]], [[14.96316, 0.975], [22.44474, 0.015], [29.92632, 0.01]], [[34.0207, 0.975], [51.03106, 0.015], [68.04141, 0.01]], [[97.83287, 0.975], [146.74931, 0.015], [195.66575, 0.01]]]

T=[[[2, 0.01], [3, 0.015], [4, 0.975]], [[2, 0.01], [3, 0.015], [4, 0.975]], [[2, 0.01], [3, 0.015], [4, 0.975]], [[5, 0.01], [8, 0.015], [10, 0.975]], [[50, 0.01], [75, 0.015], [100, 0.975]], [[50, 0.01], [75, 0.015], [100, 0.975]], [[100, 0.01], [150, 0.015], [200, 0.975]], [[500, 0.01], [750, 0.015], [1000, 0.975]], [[1000, 0.01], [1500, 0.015], [2000, 0.975]], [[1000, 0.01], [1500, 0.015], [2000, 0.975]]]
C=[[[0.1156, 0.975], [0.1734, 0.015], [0.2312, 0.01]], [[0.12063, 0.975], [0.18094, 0.015], [0.24126, 0.01]], [[0.09357, 0.975], [0.14036, 0.015], [0.18714, 0.01]], [[0.49832, 0.975], [0.74747, 0.015], [0.99663, 0.01]], [[5.68233, 0.975], [8.52349, 0.015], [11.36466, 0.01]], [[0.82127, 0.975], [1.23191, 0.015], [1.64254, 0.01]], [[0.16585, 0.975], [0.24878, 0.015], [0.33171, 0.01]], [[11.64345, 0.975], [17.46518, 0.015], [23.28691, 0.01]], [[105.78682, 0.975], [158.68023, 0.015], [211.57365, 0.01]], [[74.63157, 0.975], [111.94735, 0.015], [149.26313, 0.01]]]

T=[[[5, 0.01], [8, 0.015], [10, 0.975]], [[10, 0.01], [15, 0.015], [20, 0.975]], [[10, 0.01], [15, 0.015], [20, 0.975]], [[20, 0.01], [30, 0.015], [40, 0.975]], [[20, 0.01], [30, 0.015], [40, 0.975]], [[50, 0.01], [75, 0.015], [100, 0.975]], [[100, 0.01], [150, 0.015], [200, 0.975]], [[200, 0.01], [300, 0.015], [400, 0.975]], [[1000, 0.01], [1500, 0.015], [2000, 0.975]], [[1000, 0.01], [1500, 0.015], [2000, 0.975]]]
C=[[[0.11109, 0.975], [0.16663, 0.015], [0.22217, 0.01]], [[0.40929, 0.975], [0.61394, 0.015], [0.81858, 0.01]], [[0.13328, 0.975], [0.19991, 0.015], [0.26655, 0.01]], [[0.39211, 0.975], [0.58817, 0.015], [0.78422, 0.01]], [[2.27265, 0.975], [3.40897, 0.015], [4.5453, 0.01]], [[7.65487, 0.975], [11.4823, 0.015], [15.30974, 0.01]], [[1.67279, 0.975], [2.50918, 0.015], [3.34557, 0.01]], [[8.50122, 0.975], [12.75183, 0.015], [17.00244, 0.01]], [[140.60527, 0.975], [210.90791, 0.015], [281.21054, 0.01]], [[37.35166, 0.975], [56.02749, 0.015], [74.70332, 0.01]]]

T=[[[1, 0.01], [2, 0.99]], [[5, 0.01], [8, 0.015], [10, 0.975]], [[5, 0.01], [8, 0.015], [10, 0.975]], [[10, 0.01], [15, 0.015], [20, 0.975]], [[10, 0.01], [15, 0.015], [20, 0.975]], [[10, 0.01], [15, 0.015], [20, 0.975]], [[50, 0.01], [75, 0.015], [100, 0.975]], [[100, 0.01], [150, 0.015], [200, 0.975]], [[200, 0.01], [300, 0.015], [400, 0.975]], [[500, 0.01], [750, 0.015], [1000, 0.975]]]
C=[[[0.0562, 0.975], [0.0843, 0.015], [0.1124, 0.01]], [[0.48675, 0.975], [0.73013, 0.015], [0.9735, 0.01]], [[0.14207, 0.975], [0.2131, 0.015], [0.28413, 0.01]], [[1.66716, 0.975], [2.50075, 0.015], [3.33433, 0.01]], [[0.55852, 0.975], [0.83779, 0.015], [1.11705, 0.01]], [[0.01825, 0.975], [0.02737, 0.015], [0.03649, 0.01]], [[1.84992, 0.975], [2.77489, 0.015], [3.69985, 0.01]], [[0.97014, 0.975], [1.45521, 0.015], [1.94028, 0.01]], [[11.6681, 0.975], [17.50215, 0.015], [23.33619, 0.01]], [[44.30229, 0.975], [66.45344, 0.015], [88.60458, 0.01]]]

T=[[[1, 0.01], [2, 0.99]], [[2, 0.01], [3, 0.015], [4, 0.975]], [[5, 0.01], [8, 0.015], [10, 0.975]], [[10, 0.01], [15, 0.015], [20, 0.975]], [[10, 0.01], [15, 0.015], [20, 0.975]], [[50, 0.01], [75, 0.015], [100, 0.975]], [[100, 0.01], [150, 0.015], [200, 0.975]], [[100, 0.01], [150, 0.015], [200, 0.975]], [[100, 0.01], [150, 0.015], [200, 0.975]], [[500, 0.01], [750, 0.015], [1000, 0.975]]]
C=[[[0.07044, 0.975], [0.10565, 0.015], [0.14087, 0.01]], [[0.16418, 0.975], [0.24626, 0.015], [0.32835, 0.01]], [[0.31703, 0.975], [0.47555, 0.015], [0.63406, 0.01]], [[0.96561, 0.975], [1.44842, 0.015], [1.93123, 0.01]], [[0.9145, 0.975], [1.37175, 0.015], [1.829, 0.01]], [[0.33531, 0.975], [0.50296, 0.015], [0.67061, 0.01]], [[0.87582, 0.975], [1.31373, 0.015], [1.75164, 0.01]], [[4.6609, 0.975], [6.99135, 0.015], [9.32179, 0.01]], [[12.35897, 0.975], [18.53845, 0.015], [24.71794, 0.01]], [[5.19737, 0.975], [7.79606, 0.015], [10.39475, 0.01]]]

T=[[[1, 0.01], [2, 0.99]], [[1, 0.01], [2, 0.99]], [[2, 0.01], [3, 0.015], [4, 0.975]], [[10, 0.01], [15, 0.015], [20, 0.975]], [[20, 0.01], [30, 0.015], [40, 0.975]], [[50, 0.01], [75, 0.015], [100, 0.975]], [[100, 0.01], [150, 0.015], [200, 0.975]], [[100, 0.01], [150, 0.015], [200, 0.975]], [[200, 0.01], [300, 0.015], [400, 0.975]], [[200, 0.01], [300, 0.015], [400, 0.975]]]
C=[[[0.27082, 0.975], [0.40623, 0.015], [0.54164, 0.01]], [[0.00565, 0.975], [0.00847, 0.015], [0.01129, 0.01]], [[0.044, 0.975], [0.06601, 0.015], [0.08801, 0.01]], [[0.52335, 0.975], [0.78502, 0.015], [1.04669, 0.01]], [[1.59858, 0.975], [2.39787, 0.015], [3.19717, 0.01]], [[0.88299, 0.975], [1.32449, 0.015], [1.76598, 0.01]], [[0.87226, 0.975], [1.3084, 0.015], [1.74453, 0.01]], [[6.98494, 0.975], [10.47741, 0.015], [13.96987, 0.01]], [[1.39411, 0.975], [2.09117, 0.015], [2.78822, 0.01]], [[13.21245, 0.975], [19.81867, 0.015], [26.42489, 0.01]]]

T=[[[2, 0.01], [3, 0.015], [4, 0.975]], [[2, 0.01], [3, 0.015], [4, 0.975]], [[5, 0.01], [8, 0.015], [10, 0.975]], [[5, 0.01], [8, 0.015], [10, 0.975]], [[5, 0.01], [8, 0.015], [10, 0.975]], [[10, 0.01], [15, 0.015], [20, 0.975]], [[20, 0.01], [30, 0.015], [40, 0.975]], [[20, 0.01], [30, 0.015], [40, 0.975]], [[500, 0.01], [750, 0.015], [1000, 0.975]], [[1000, 0.01], [1500, 0.015], [2000, 0.975]]]
C=[[[0.02437, 0.975], [0.03655, 0.015], [0.04873, 0.01]], [[0.14668, 0.975], [0.22002, 0.015], [0.29336, 0.01]], [[0.0383, 0.975], [0.05746, 0.015], [0.07661, 0.01]], [[0.23939, 0.975], [0.35908, 0.015], [0.47877, 0.01]], [[0.17752, 0.975], [0.26627, 0.015], [0.35503, 0.01]], [[2.26587, 0.975], [3.3988, 0.015], [4.53173, 0.01]], [[0.44955, 0.975], [0.67433, 0.015], [0.8991, 0.01]], [[2.40454, 0.975], [3.6068, 0.015], [4.80907, 0.01]], [[9.1079, 0.975], [13.66185, 0.015], [18.2158, 0.01]], [[35.92832, 0.975], [53.89248, 0.015], [71.85664, 0.01]]]

T=[[[5, 0.01], [8, 0.015], [10, 0.975]], [[20, 0.01], [30, 0.015], [40, 0.975]], [[20, 0.01], [30, 0.015], [40, 0.975]], [[50, 0.01], [75, 0.015], [100, 0.975]], [[50, 0.01], [75, 0.015], [100, 0.975]], [[100, 0.01], [150, 0.015], [200, 0.975]], [[100, 0.01], [150, 0.015], [200, 0.975]], [[200, 0.01], [300, 0.015], [400, 0.975]], [[500, 0.01], [750, 0.015], [1000, 0.975]], [[500, 0.01], [750, 0.015], [1000, 0.975]]]
C=[[[0.29004, 0.975], [0.43506, 0.015], [0.58007, 0.01]], [[4.63563, 0.975], [6.95344, 0.015], [9.27125, 0.01]], [[0.42105, 0.975], [0.63157, 0.015], [0.84209, 0.01]], [[4.78847, 0.975], [7.18271, 0.015], [9.57695, 0.01]], [[5.58502, 0.975], [8.37753, 0.015], [11.17004, 0.01]], [[3.65507, 0.975], [5.48261, 0.015], [7.31014, 0.01]], [[1.3202, 0.975], [1.9803, 0.015], [2.6404, 0.01]], [[4.19632, 0.975], [6.29448, 0.015], [8.39264, 0.01]], [[4.82547, 0.975], [7.23821, 0.015], [9.65095, 0.01]], [[0.65198, 0.975], [0.97796, 0.015], [1.30395, 0.01]]]

T=[[[1, 0.01], [2, 0.99]], [[2, 0.01], [3, 0.015], [4, 0.975]], [[5, 0.01], [8, 0.015], [10, 0.975]], [[10, 0.01], [15, 0.015], [20, 0.975]], [[10, 0.01], [15, 0.015], [20, 0.975]], [[10, 0.01], [15, 0.015], [20, 0.975]], [[100, 0.01], [150, 0.015], [200, 0.975]], [[200, 0.01], [300, 0.015], [400, 0.975]], [[200, 0.01], [300, 0.015], [400, 0.975]], [[1000, 0.01], [1500, 0.015], [2000, 0.975]]]
C=[[[0.00918, 0.975], [0.01377, 0.015], [0.01836, 0.01]], [[0.17813, 0.975], [0.26719, 0.015], [0.35625, 0.01]], [[0.07368, 0.975], [0.11052, 0.015], [0.14736, 0.01]], [[1.86007, 0.975], [2.7901, 0.015], [3.72013, 0.01]], [[0.29158, 0.975], [0.43738, 0.015], [0.58317, 0.01]], [[0.61623, 0.975], [0.92434, 0.015], [1.23246, 0.01]], [[12.45123, 0.975], [18.67685, 0.015], [24.90246, 0.01]], [[1.9411, 0.975], [2.91166, 0.015], [3.88221, 0.01]], [[2.41823, 0.975], [3.62734, 0.015], [4.83645, 0.01]], [[63.92316, 0.975], [95.88474, 0.015], [127.84632, 0.01]]]

T=[[[1, 0.01], [2, 0.99]], [[1, 0.01], [2, 0.99]], [[50, 0.01], [75, 0.015], [100, 0.975]], [[50, 0.01], [75, 0.015], [100, 0.975]], [[50, 0.01], [75, 0.015], [100, 0.975]], [[50, 0.01], [75, 0.015], [100, 0.975]], [[50, 0.01], [75, 0.015], [100, 0.975]], [[100, 0.01], [150, 0.015], [200, 0.975]], [[500, 0.01], [750, 0.015], [1000, 0.975]], [[500, 0.01], [750, 0.015], [1000, 0.975]]]
C=[[[0.07177, 0.975], [0.10766, 0.015], [0.14354, 0.01]], [[0.09209, 0.975], [0.13814, 0.015], [0.18419, 0.01]], [[4.28383, 0.975], [6.42575, 0.015], [8.56766, 0.01]], [[4.73292, 0.975], [7.09938, 0.015], [9.46584, 0.01]], [[1.81922, 0.975], [2.72884, 0.015], [3.63845, 0.01]], [[1.44537, 0.975], [2.16806, 0.015], [2.89074, 0.01]], [[8.01912, 0.975], [12.02869, 0.015], [16.03825, 0.01]], [[1.96026, 0.975], [2.94039, 0.015], [3.92052, 0.01]], [[4.57203, 0.975], [6.85804, 0.015], [9.14406, 0.01]], [[0.68993, 0.975], [1.0349, 0.015], [1.37986, 0.01]]]

T=[[[5, 0.01], [8, 0.015], [10, 0.975]], [[5, 0.01], [8, 0.015], [10, 0.975]], [[10, 0.01], [15, 0.015], [20, 0.975]], [[10, 0.01], [15, 0.015], [20, 0.975]], [[10, 0.01], [15, 0.015], [20, 0.975]], [[20, 0.01], [30, 0.015], [40, 0.975]], [[100, 0.01], [150, 0.015], [200, 0.975]], [[200, 0.01], [300, 0.015], [400, 0.975]], [[500, 0.01], [750, 0.015], [1000, 0.975]], [[1000, 0.01], [1500, 0.015], [2000, 0.975]]]
C=[[[0.39041, 0.975], [0.58562, 0.015], [0.78083, 0.01]], [[0.85354, 0.975], [1.28031, 0.015], [1.70708, 0.01]], [[0.78606, 0.975], [1.17909, 0.015], [1.57213, 0.01]], [[0.35577, 0.975], [0.53366, 0.015], [0.71155, 0.01]], [[0.73721, 0.975], [1.10582, 0.015], [1.47443, 0.01]], [[0.28058, 0.975], [0.42087, 0.015], [0.56115, 0.01]], [[4.53576, 0.975], [6.80365, 0.015], [9.07153, 0.01]], [[6.28151, 0.975], [9.42226, 0.015], [12.56302, 0.01]], [[4.1894, 0.975], [6.2841, 0.015], [8.3788, 0.01]], [[64.13132, 0.975], [96.19698, 0.015], [128.26263, 0.01]]]

T=[[[1, 0.01], [2, 0.99]], [[2, 0.01], [3, 0.015], [4, 0.975]], [[10, 0.01], [15, 0.015], [20, 0.975]], [[20, 0.01], [30, 0.015], [40, 0.975]], [[20, 0.01], [30, 0.015], [40, 0.975]], [[50, 0.01], [75, 0.015], [100, 0.975]], [[100, 0.01], [150, 0.015], [200, 0.975]], [[100, 0.01], [150, 0.015], [200, 0.975]], [[1000, 0.01], [1500, 0.015], [2000, 0.975]], [[1000, 0.01], [1500, 0.015], [2000, 0.975]]]
C=[[[0.03354, 0.975], [0.05031, 0.015], [0.06709, 0.01]], [[0.30588, 0.975], [0.45882, 0.015], [0.61176, 0.01]], [[0.25886, 0.975], [0.38829, 0.015], [0.51773, 0.01]], [[0.15873, 0.975], [0.23809, 0.015], [0.31746, 0.01]], [[2.11332, 0.975], [3.16998, 0.015], [4.22664, 0.01]], [[1.76558, 0.975], [2.64837, 0.015], [3.53115, 0.01]], [[1.32984, 0.975], [1.99476, 0.015], [2.65968, 0.01]], [[17.75999, 0.975], [26.63998, 0.015], [35.51997, 0.01]], [[47.63693, 0.975], [71.4554, 0.015], [95.27387, 0.01]], [[0.18241, 0.975], [0.27361, 0.015], [0.36481, 0.01]]]

T=[[[2, 0.01], [3, 0.015], [4, 0.975]], [[5, 0.01], [8, 0.015], [10, 0.975]], [[5, 0.01], [8, 0.015], [10, 0.975]], [[5, 0.01], [8, 0.015], [10, 0.975]], [[20, 0.01], [30, 0.015], [40, 0.975]], [[50, 0.01], [75, 0.015], [100, 0.975]], [[50, 0.01], [75, 0.015], [100, 0.975]], [[50, 0.01], [75, 0.015], [100, 0.975]], [[100, 0.01], [150, 0.015], [200, 0.975]], [[100, 0.01], [150, 0.015], [200, 0.975]]]
C=[[[0.15373, 0.975], [0.2306, 0.015], [0.30747, 0.01]], [[0.44003, 0.975], [0.66004, 0.015], [0.88006, 0.01]], [[0.50924, 0.975], [0.76386, 0.015], [1.01848, 0.01]], [[0.18043, 0.975], [0.27064, 0.015], [0.36085, 0.01]], [[0.13552, 0.975], [0.20328, 0.015], [0.27104, 0.01]], [[6.46853, 0.975], [9.7028, 0.015], [12.93706, 0.01]], [[0.99811, 0.975], [1.49717, 0.015], [1.99622, 0.01]], [[0.73797, 0.975], [1.10696, 0.015], [1.47594, 0.01]], [[4.61861, 0.975], [6.92792, 0.015], [9.23722, 0.01]], [[8.01394, 0.975], [12.02091, 0.015], [16.02788, 0.01]]]

T=[[[1, 0.01], [2, 0.99]], [[2, 0.01], [3, 0.015], [4, 0.975]], [[2, 0.01], [3, 0.015], [4, 0.975]], [[5, 0.01], [8, 0.015], [10, 0.975]], [[10, 0.01], [15, 0.015], [20, 0.975]], [[100, 0.01], [150, 0.015], [200, 0.975]], [[100, 0.01], [150, 0.015], [200, 0.975]], [[200, 0.01], [300, 0.015], [400, 0.975]], [[1000, 0.01], [1500, 0.015], [2000, 0.975]], [[1000, 0.01], [1500, 0.015], [2000, 0.975]]]
C=[[[0.03607, 0.975], [0.0541, 0.015], [0.07213, 0.01]], [[0.12892, 0.975], [0.19338, 0.015], [0.25785, 0.01]], [[0.1359, 0.975], [0.20386, 0.015], [0.27181, 0.01]], [[0.47706, 0.975], [0.71558, 0.015], [0.95411, 0.01]], [[0.05138, 0.975], [0.07707, 0.015], [0.10276, 0.01]], [[0.03177, 0.975], [0.04766, 0.015], [0.06355, 0.01]], [[0.28256, 0.975], [0.42384, 0.015], [0.56512, 0.01]], [[1.02769, 0.975], [1.54153, 0.015], [2.05537, 0.01]], [[299.65066, 0.975], [449.47599, 0.015], [599.30132, 0.01]], [[23.03865, 0.975], [34.55797, 0.015], [46.07729, 0.01]]]

T=[[[2, 0.01], [3, 0.015], [4, 0.975]], [[2, 0.01], [3, 0.015], [4, 0.975]], [[5, 0.01], [8, 0.015], [10, 0.975]], [[5, 0.01], [8, 0.015], [10, 0.975]], [[10, 0.01], [15, 0.015], [20, 0.975]], [[50, 0.01], [75, 0.015], [100, 0.975]], [[50, 0.01], [75, 0.015], [100, 0.975]], [[50, 0.01], [75, 0.015], [100, 0.975]], [[200, 0.01], [300, 0.015], [400, 0.975]], [[200, 0.01], [300, 0.015], [400, 0.975]]]
C=[[[0.0777, 0.975], [0.11655, 0.015], [0.1554, 0.01]], [[0.49374, 0.975], [0.74061, 0.015], [0.98748, 0.01]], [[0.44055, 0.975], [0.66083, 0.015], [0.8811, 0.01]], [[0.01514, 0.975], [0.02272, 0.015], [0.03029, 0.01]], [[0.32848, 0.975], [0.49272, 0.015], [0.65696, 0.01]], [[0.2977, 0.975], [0.44655, 0.015], [0.5954, 0.01]], [[1.25489, 0.975], [1.88233, 0.015], [2.50977, 0.01]], [[2.96979, 0.975], [4.45469, 0.015], [5.93958, 0.01]], [[1.95003, 0.975], [2.92504, 0.015], [3.90005, 0.01]], [[18.01875, 0.975], [27.02812, 0.015], [36.0375, 0.01]]]

T=[[[2, 0.01], [3, 0.015], [4, 0.975]], [[5, 0.01], [8, 0.015], [10, 0.975]], [[5, 0.01], [8, 0.015], [10, 0.975]], [[5, 0.01], [8, 0.015], [10, 0.975]], [[10, 0.01], [15, 0.015], [20, 0.975]], [[10, 0.01], [15, 0.015], [20, 0.975]], [[20, 0.01], [30, 0.015], [40, 0.975]], [[200, 0.01], [300, 0.015], [400, 0.975]], [[500, 0.01], [750, 0.015], [1000, 0.975]], [[500, 0.01], [750, 0.015], [1000, 0.975]]]
C=[[[0.0005, 0.975], [0.00075, 0.015], [0.001, 0.01]], [[0.3695, 0.975], [0.55424, 0.015], [0.73899, 0.01]], [[0.10782, 0.975], [0.16173, 0.015], [0.21564, 0.01]], [[0.3451, 0.975], [0.51765, 0.015], [0.6902, 0.01]], [[1.63788, 0.975], [2.45682, 0.015], [3.27576, 0.01]], [[0.86244, 0.975], [1.29366, 0.015], [1.72488, 0.01]], [[0.47763, 0.975], [0.71645, 0.015], [0.95526, 0.01]], [[14.98393, 0.975], [22.47589, 0.015], [29.96785, 0.01]], [[21.48884, 0.975], [32.23325, 0.015], [42.97767, 0.01]], [[21.72822, 0.975], [32.59233, 0.015], [43.45644, 0.01]]]

T=[[[2, 0.01], [3, 0.015], [4, 0.975]], [[2, 0.01], [3, 0.015], [4, 0.975]], [[5, 0.01], [8, 0.015], [10, 0.975]], [[5, 0.01], [8, 0.015], [10, 0.975]], [[10, 0.01], [15, 0.015], [20, 0.975]], [[10, 0.01], [15, 0.015], [20, 0.975]], [[20, 0.01], [30, 0.015], [40, 0.975]], [[100, 0.01], [150, 0.015], [200, 0.975]], [[200, 0.01], [300, 0.015], [400, 0.975]], [[200, 0.01], [300, 0.015], [400, 0.975]]]
C=[[[0.21315, 0.975], [0.31972, 0.015], [0.42629, 0.01]], [[0.1588, 0.975], [0.2382, 0.015], [0.3176, 0.01]], [[0.13227, 0.975], [0.19841, 0.015], [0.26455, 0.01]], [[0.27209, 0.975], [0.40813, 0.015], [0.54417, 0.01]], [[0.62339, 0.975], [0.93509, 0.015], [1.24678, 0.01]], [[1.12704, 0.975], [1.69056, 0.015], [2.25408, 0.01]], [[0.57888, 0.975], [0.86831, 0.015], [1.15775, 0.01]], [[1.76016, 0.975], [2.64024, 0.015], [3.52032, 0.01]], [[8.21043, 0.975], [12.31564, 0.015], [16.42086, 0.01]], [[14.10285, 0.975], [21.15427, 0.015], [28.20569, 0.01]]]

T=[[[1, 0.01], [2, 0.99]], [[2, 0.01], [3, 0.015], [4, 0.975]], [[5, 0.01], [8, 0.015], [10, 0.975]], [[50, 0.01], [75, 0.015], [100, 0.975]], [[200, 0.01], [300, 0.015], [400, 0.975]], [[200, 0.01], [300, 0.015], [400, 0.975]], [[500, 0.01], [750, 0.015], [1000, 0.975]], [[1000, 0.01], [1500, 0.015], [2000, 0.975]], [[1000, 0.01], [1500, 0.015], [2000, 0.975]], [[1000, 0.01], [1500, 0.015], [2000, 0.975]]]
C=[[[0.02344, 0.975], [0.03516, 0.015], [0.04689, 0.01]], [[0.12682, 0.975], [0.19024, 0.015], [0.25365, 0.01]], [[0.64812, 0.975], [0.97217, 0.015], [1.29623, 0.01]], [[1.89204, 0.975], [2.83807, 0.015], [3.78409, 0.01]], [[1.36336, 0.975], [2.04504, 0.015], [2.72672, 0.01]], [[54.04986, 0.975], [81.07479, 0.015], [108.09973, 0.01]], [[4.58645, 0.975], [6.87968, 0.015], [9.1729, 0.01]], [[9.04849, 0.975], [13.57273, 0.015], [18.09698, 0.01]], [[11.10086, 0.975], [16.65129, 0.015], [22.20172, 0.01]], [[39.29283, 0.975], [58.93924, 0.015], [78.58565, 0.01]]]

T=[[[5, 0.01], [8, 0.015], [10, 0.975]], [[5, 0.01], [8, 0.015], [10, 0.975]], [[100, 0.01], [150, 0.015], [200, 0.975]], [[100, 0.01], [150, 0.015], [200, 0.975]], [[200, 0.01], [300, 0.015], [400, 0.975]], [[200, 0.01], [300, 0.015], [400, 0.975]], [[500, 0.01], [750, 0.015], [1000, 0.975]], [[1000, 0.01], [1500, 0.015], [2000, 0.975]], [[1000, 0.01], [1500, 0.015], [2000, 0.975]], [[1000, 0.01], [1500, 0.015], [2000, 0.975]]]
C=[[[0.6581, 0.975], [0.98715, 0.015], [1.3162, 0.01]], [[0.10924, 0.975], [0.16386, 0.015], [0.21848, 0.01]], [[0.92469, 0.975], [1.38704, 0.015], [1.84939, 0.01]], [[3.66475, 0.975], [5.49713, 0.015], [7.32951, 0.01]], [[22.94013, 0.975], [34.41019, 0.015], [45.88025, 0.01]], [[18.53019, 0.975], [27.79528, 0.015], [37.06037, 0.01]], [[44.91528, 0.975], [67.37291, 0.015], [89.83055, 0.01]], [[36.77038, 0.975], [55.15557, 0.015], [73.54076, 0.01]], [[4.73093, 0.975], [7.09639, 0.015], [9.46186, 0.01]], [[61.95372, 0.975], [92.93058, 0.015], [123.90744, 0.01]]]

T=[[[5, 0.01], [8, 0.015], [10, 0.975]], [[5, 0.01], [8, 0.015], [10, 0.975]], [[5, 0.01], [8, 0.015], [10, 0.975]], [[10, 0.01], [15, 0.015], [20, 0.975]], [[20, 0.01], [30, 0.015], [40, 0.975]], [[50, 0.01], [75, 0.015], [100, 0.975]], [[100, 0.01], [150, 0.015], [200, 0.975]], [[100, 0.01], [150, 0.015], [200, 0.975]], [[500, 0.01], [750, 0.015], [1000, 0.975]], [[1000, 0.01], [1500, 0.015], [2000, 0.975]]]
C=[[[0.11989, 0.975], [0.17983, 0.015], [0.23978, 0.01]], [[0.37546, 0.975], [0.56319, 0.015], [0.75092, 0.01]], [[0.81569, 0.975], [1.22354, 0.015], [1.63138, 0.01]], [[0.40657, 0.975], [0.60986, 0.015], [0.81315, 0.01]], [[0.69674, 0.975], [1.04511, 0.015], [1.39348, 0.01]], [[2.4024, 0.975], [3.6036, 0.015], [4.8048, 0.01]], [[7.52857, 0.975], [11.29285, 0.015], [15.05714, 0.01]], [[10.44264, 0.975], [15.66396, 0.015], [20.88528, 0.01]], [[11.92884, 0.975], [17.89327, 0.015], [23.85769, 0.01]], [[10.68001, 0.975], [16.02001, 0.015], [21.36001, 0.01]]]

T=[[[1, 0.01], [2, 0.99]], [[2, 0.01], [3, 0.015], [4, 0.975]], [[5, 0.01], [8, 0.015], [10, 0.975]], [[5, 0.01], [8, 0.015], [10, 0.975]], [[20, 0.01], [30, 0.015], [40, 0.975]], [[20, 0.01], [30, 0.015], [40, 0.975]], [[50, 0.01], [75, 0.015], [100, 0.975]], [[100, 0.01], [150, 0.015], [200, 0.975]], [[500, 0.01], [750, 0.015], [1000, 0.975]], [[500, 0.01], [750, 0.015], [1000, 0.975]]]
C=[[[0.21506, 0.975], [0.32259, 0.015], [0.43011, 0.01]], [[0.0088, 0.975], [0.01319, 0.015], [0.01759, 0.01]], [[0.72428, 0.975], [1.08642, 0.015], [1.44856, 0.01]], [[0.47268, 0.975], [0.70902, 0.015], [0.94536, 0.01]], [[0.00702, 0.975], [0.01052, 0.015], [0.01403, 0.01]], [[0.64997, 0.975], [0.97495, 0.015], [1.29993, 0.01]], [[0.94102, 0.975], [1.41154, 0.015], [1.88205, 0.01]], [[3.45471, 0.975], [5.18206, 0.015], [6.90942, 0.01]], [[17.18455, 0.975], [25.77682, 0.015], [34.36909, 0.01]], [[10.28373, 0.975], [15.42559, 0.015], [20.56745, 0.01]]]

T=[[[1, 0.01], [2, 0.99]], [[2, 0.01], [3, 0.015], [4, 0.975]], [[2, 0.01], [3, 0.015], [4, 0.975]], [[5, 0.01], [8, 0.015], [10, 0.975]], [[10, 0.01], [15, 0.015], [20, 0.975]], [[10, 0.01], [15, 0.015], [20, 0.975]], [[10, 0.01], [15, 0.015], [20, 0.975]], [[10, 0.01], [15, 0.015], [20, 0.975]], [[50, 0.01], [75, 0.015], [100, 0.975]], [[500, 0.01], [750, 0.015], [1000, 0.975]]]
C=[[[0.02702, 0.975], [0.04052, 0.015], [0.05403, 0.01]], [[0.11796, 0.975], [0.17694, 0.015], [0.23592, 0.01]], [[0.29657, 0.975], [0.44486, 0.015], [0.59315, 0.01]], [[0.13048, 0.975], [0.19572, 0.015], [0.26096, 0.01]], [[0.24359, 0.975], [0.36539, 0.015], [0.48719, 0.01]], [[1.26475, 0.975], [1.89713, 0.015], [2.5295, 0.01]], [[0.9082, 0.975], [1.3623, 0.015], [1.8164, 0.01]], [[0.9068, 0.975], [1.36019, 0.015], [1.81359, 0.01]], [[0.13786, 0.975], [0.2068, 0.015], [0.27573, 0.01]], [[2.26528, 0.975], [3.39792, 0.015], [4.53056, 0.01]]]

T=[[[1, 0.01], [2, 0.99]], [[1, 0.01], [2, 0.99]], [[5, 0.01], [8, 0.015], [10, 0.975]], [[5, 0.01], [8, 0.015], [10, 0.975]], [[20, 0.01], [30, 0.015], [40, 0.975]], [[20, 0.01], [30, 0.015], [40, 0.975]], [[20, 0.01], [30, 0.015], [40, 0.975]], [[50, 0.01], [75, 0.015], [100, 0.975]], [[100, 0.01], [150, 0.015], [200, 0.975]], [[200, 0.01], [300, 0.015], [400, 0.975]]]
C=[[[0.07853, 0.975], [0.11779, 0.015], [0.15705, 0.01]], [[0.01206, 0.975], [0.0181, 0.015], [0.02413, 0.01]], [[0.62103, 0.975], [0.93154, 0.015], [1.24205, 0.01]], [[0.09789, 0.975], [0.14684, 0.015], [0.19579, 0.01]], [[1.41814, 0.975], [2.12721, 0.015], [2.83628, 0.01]], [[1.14673, 0.975], [1.72009, 0.015], [2.29345, 0.01]], [[0.93726, 0.975], [1.40588, 0.015], [1.87451, 0.01]], [[5.22907, 0.975], [7.8436, 0.015], [10.45814, 0.01]], [[0.24885, 0.975], [0.37327, 0.015], [0.49769, 0.01]], [[16.68999, 0.975], [25.03499, 0.015], [33.37998, 0.01]]]

T=[[[1, 0.01], [2, 0.99]], [[2, 0.01], [3, 0.015], [4, 0.975]], [[10, 0.01], [15, 0.015], [20, 0.975]], [[20, 0.01], [30, 0.015], [40, 0.975]], [[50, 0.01], [75, 0.015], [100, 0.975]], [[50, 0.01], [75, 0.015], [100, 0.975]], [[100, 0.01], [150, 0.015], [200, 0.975]], [[200, 0.01], [300, 0.015], [400, 0.975]], [[500, 0.01], [750, 0.015], [1000, 0.975]], [[500, 0.01], [750, 0.015], [1000, 0.975]]]
C=[[[0.09917, 0.975], [0.14876, 0.015], [0.19835, 0.01]], [[0.03093, 0.975], [0.04639, 0.015], [0.06186, 0.01]], [[0.15291, 0.975], [0.22937, 0.015], [0.30583, 0.01]], [[1.61694, 0.975], [2.42541, 0.015], [3.23388, 0.01]], [[1.29356, 0.975], [1.94033, 0.015], [2.58711, 0.01]], [[6.96955, 0.975], [10.45433, 0.015], [13.93911, 0.01]], [[6.13424, 0.975], [9.20136, 0.015], [12.26848, 0.01]], [[3.31214, 0.975], [4.96821, 0.015], [6.62428, 0.01]], [[57.49982, 0.975], [86.24973, 0.015], [114.99964, 0.01]], [[15.52909, 0.975], [23.29364, 0.015], [31.05819, 0.01]]]

T=[[[2, 0.01], [3, 0.015], [4, 0.975]], [[5, 0.01], [8, 0.015], [10, 0.975]], [[20, 0.01], [30, 0.015], [40, 0.975]], [[100, 0.01], [150, 0.015], [200, 0.975]], [[100, 0.01], [150, 0.015], [200, 0.975]], [[200, 0.01], [300, 0.015], [400, 0.975]], [[500, 0.01], [750, 0.015], [1000, 0.975]], [[500, 0.01], [750, 0.015], [1000, 0.975]], [[1000, 0.01], [1500, 0.015], [2000, 0.975]], [[1000, 0.01], [1500, 0.015], [2000, 0.975]]]
C=[[[0.01218, 0.975], [0.01827, 0.015], [0.02435, 0.01]], [[0.84086, 0.975], [1.26129, 0.015], [1.68171, 0.01]], [[0.18695, 0.975], [0.28043, 0.015], [0.37391, 0.01]], [[3.22082, 0.975], [4.83122, 0.015], [6.44163, 0.01]], [[2.39468, 0.975], [3.59202, 0.015], [4.78936, 0.01]], [[5.04703, 0.975], [7.57054, 0.015], [10.09406, 0.01]], [[81.49146, 0.975], [122.23718, 0.015], [162.98291, 0.01]], [[26.83933, 0.975], [40.25899, 0.015], [53.67865, 0.01]], [[11.91531, 0.975], [17.87296, 0.015], [23.83062, 0.01]], [[106.42537, 0.975], [159.63806, 0.015], [212.85074, 0.01]]]

T=[[[1, 0.01], [2, 0.99]], [[5, 0.01], [8, 0.015], [10, 0.975]], [[5, 0.01], [8, 0.015], [10, 0.975]], [[5, 0.01], [8, 0.015], [10, 0.975]], [[20, 0.01], [30, 0.015], [40, 0.975]], [[20, 0.01], [30, 0.015], [40, 0.975]], [[100, 0.01], [150, 0.015], [200, 0.975]], [[100, 0.01], [150, 0.015], [200, 0.975]], [[100, 0.01], [150, 0.015], [200, 0.975]], [[500, 0.01], [750, 0.015], [1000, 0.975]]]
C=[[[0.00446, 0.975], [0.00669, 0.015], [0.00892, 0.01]], [[0.26645, 0.975], [0.39967, 0.015], [0.53289, 0.01]], [[0.51052, 0.975], [0.76579, 0.015], [1.02105, 0.01]], [[0.2723, 0.975], [0.40845, 0.015], [0.5446, 0.01]], [[2.15967, 0.975], [3.23951, 0.015], [4.31934, 0.01]], [[0.12449, 0.975], [0.18674, 0.015], [0.24898, 0.01]], [[7.32868, 0.975], [10.99302, 0.015], [14.65736, 0.01]], [[17.70699, 0.975], [26.56048, 0.015], [35.41397, 0.01]], [[1.86482, 0.975], [2.79723, 0.015], [3.72965, 0.01]], [[1.23539, 0.975], [1.85308, 0.015], [2.47078, 0.01]]]

T=[[[1, 0.01], [2, 0.99]], [[5, 0.01], [8, 0.015], [10, 0.975]], [[5, 0.01], [8, 0.015], [10, 0.975]], [[50, 0.01], [75, 0.015], [100, 0.975]], [[200, 0.01], [300, 0.015], [400, 0.975]], [[200, 0.01], [300, 0.015], [400, 0.975]], [[500, 0.01], [750, 0.015], [1000, 0.975]], [[1000, 0.01], [1500, 0.015], [2000, 0.975]], [[1000, 0.01], [1500, 0.015], [2000, 0.975]], [[1000, 0.01], [1500, 0.015], [2000, 0.975]]]
C=[[[0.02185, 0.975], [0.03277, 0.015], [0.04369, 0.01]], [[0.92876, 0.975], [1.39314, 0.015], [1.85751, 0.01]], [[0.2863, 0.975], [0.42945, 0.015], [0.5726, 0.01]], [[0.39163, 0.975], [0.58744, 0.015], [0.78326, 0.01]], [[7.79935, 0.975], [11.69902, 0.015], [15.5987, 0.01]], [[16.57374, 0.975], [24.86061, 0.015], [33.14749, 0.01]], [[11.76846, 0.975], [17.65269, 0.015], [23.53692, 0.01]], [[90.0364, 0.975], [135.05459, 0.015], [180.07279, 0.01]], [[4.02762, 0.975], [6.04143, 0.015], [8.05524, 0.01]], [[87.84213, 0.975], [131.76319, 0.015], [175.68426, 0.01]]]

T=[[[1, 0.01], [2, 0.99]], [[5, 0.01], [8, 0.015], [10, 0.975]], [[10, 0.01], [15, 0.015], [20, 0.975]], [[50, 0.01], [75, 0.015], [100, 0.975]], [[100, 0.01], [150, 0.015], [200, 0.975]], [[100, 0.01], [150, 0.015], [200, 0.975]], [[100, 0.01], [150, 0.015], [200, 0.975]], [[200, 0.01], [300, 0.015], [400, 0.975]], [[500, 0.01], [750, 0.015], [1000, 0.975]], [[1000, 0.01], [1500, 0.015], [2000, 0.975]]]
C=[[[0.02907, 0.975], [0.0436, 0.015], [0.05814, 0.01]], [[0.41884, 0.975], [0.62826, 0.015], [0.83767, 0.01]], [[0.8375, 0.975], [1.25625, 0.015], [1.675, 0.01]], [[3.35103, 0.975], [5.02655, 0.015], [6.70207, 0.01]], [[3.80056, 0.975], [5.70084, 0.015], [7.60112, 0.01]], [[0.62141, 0.975], [0.93211, 0.015], [1.24282, 0.01]], [[0.61017, 0.975], [0.91525, 0.015], [1.22034, 0.01]], [[48.04204, 0.975], [72.06306, 0.015], [96.08408, 0.01]], [[9.56597, 0.975], [14.34896, 0.015], [19.13195, 0.01]], [[26.73026, 0.975], [40.09539, 0.015], [53.46051, 0.01]]]

T=[[[1, 0.01], [2, 0.99]], [[1, 0.01], [2, 0.99]], [[5, 0.01], [8, 0.015], [10, 0.975]], [[5, 0.01], [8, 0.015], [10, 0.975]], [[5, 0.01], [8, 0.015], [10, 0.975]], [[50, 0.01], [75, 0.015], [100, 0.975]], [[50, 0.01], [75, 0.015], [100, 0.975]], [[200, 0.01], [300, 0.015], [400, 0.975]], [[500, 0.01], [750, 0.015], [1000, 0.975]], [[500, 0.01], [750, 0.015], [1000, 0.975]]]
C=[[[0.03395, 0.975], [0.05092, 0.015], [0.06789, 0.01]], [[0.12738, 0.975], [0.19106, 0.015], [0.25475, 0.01]], [[0.60751, 0.975], [0.91127, 0.015], [1.21503, 0.01]], [[0.18662, 0.975], [0.27993, 0.015], [0.37324, 0.01]], [[0.03224, 0.975], [0.04835, 0.015], [0.06447, 0.01]], [[1.15779, 0.975], [1.73669, 0.015], [2.31558, 0.01]], [[0.89496, 0.975], [1.34243, 0.015], [1.78991, 0.01]], [[2.21018, 0.975], [3.31527, 0.015], [4.42036, 0.01]], [[40.79578, 0.975], [61.19367, 0.015], [81.59157, 0.01]], [[69.85323, 0.975], [104.77984, 0.015], [139.70645, 0.01]]]

T=[[[2, 0.01], [3, 0.015], [4, 0.975]], [[20, 0.01], [30, 0.015], [40, 0.975]], [[20, 0.01], [30, 0.015], [40, 0.975]], [[50, 0.01], [75, 0.015], [100, 0.975]], [[100, 0.01], [150, 0.015], [200, 0.975]], [[100, 0.01], [150, 0.015], [200, 0.975]], [[100, 0.01], [150, 0.015], [200, 0.975]], [[200, 0.01], [300, 0.015], [400, 0.975]], [[200, 0.01], [300, 0.015], [400, 0.975]], [[200, 0.01], [300, 0.015], [400, 0.975]]]
C=[[[0.1232, 0.975], [0.1848, 0.015], [0.2464, 0.01]], [[1.8936, 0.975], [2.8404, 0.015], [3.7872, 0.01]], [[0.30788, 0.975], [0.46182, 0.015], [0.61576, 0.01]], [[6.11748, 0.975], [9.17622, 0.015], [12.23495, 0.01]], [[4.58513, 0.975], [6.8777, 0.015], [9.17027, 0.01]], [[2.09391, 0.975], [3.14086, 0.015], [4.18782, 0.01]], [[8.65733, 0.975], [12.98599, 0.015], [17.31466, 0.01]], [[19.22837, 0.975], [28.84256, 0.015], [38.45675, 0.01]], [[4.41272, 0.975], [6.61908, 0.015], [8.82544, 0.01]], [[6.8815, 0.975], [10.32225, 0.015], [13.763, 0.01]]]

T=[[[1, 0.01], [2, 0.99]], [[1, 0.01], [2, 0.99]], [[2, 0.01], [3, 0.015], [4, 0.975]], [[10, 0.01], [15, 0.015], [20, 0.975]], [[50, 0.01], [75, 0.015], [100, 0.975]], [[100, 0.01], [150, 0.015], [200, 0.975]], [[200, 0.01], [300, 0.015], [400, 0.975]], [[200, 0.01], [300, 0.015], [400, 0.975]], [[500, 0.01], [750, 0.015], [1000, 0.975]], [[1000, 0.01], [1500, 0.015], [2000, 0.975]]]
C=[[[0.01156, 0.975], [0.01735, 0.015], [0.02313, 0.01]], [[0.01913, 0.975], [0.0287, 0.015], [0.03827, 0.01]], [[0.01834, 0.975], [0.02752, 0.015], [0.03669, 0.01]], [[0.97532, 0.975], [1.46297, 0.015], [1.95063, 0.01]], [[0.36202, 0.975], [0.54304, 0.015], [0.72405, 0.01]], [[1.50322, 0.975], [2.25482, 0.015], [3.00643, 0.01]], [[28.81981, 0.975], [43.22972, 0.015], [57.63963, 0.01]], [[12.82234, 0.975], [19.23351, 0.015], [25.64468, 0.01]], [[28.10075, 0.975], [42.15112, 0.015], [56.20149, 0.01]], [[175.91365, 0.975], [263.87047, 0.015], [351.8273, 0.01]]]

