T=[[[2, 0.01], [3, 0.015], [4, 0.975]], [[2, 0.01], [3, 0.015], [4, 0.975]], [[5, 0.01], [8, 0.015], [10, 0.975]], [[20, 0.01], [30, 0.015], [40, 0.975]], [[100, 0.01], [150, 0.015], [200, 0.975]], [[100, 0.01], [150, 0.015], [200, 0.975]], [[200, 0.01], [300, 0.015], [400, 0.975]], [[200, 0.01], [300, 0.015], [400, 0.975]], [[500, 0.01], [750, 0.015], [1000, 0.975]], [[1000, 0.01], [1500, 0.015], [2000, 0.975]]]
C=[[[0.0717, 0.975], [0.10756, 0.015], [0.14341, 0.01]], [[0.23792, 0.975], [0.35688, 0.015], [0.47583, 0.01]], [[0.22833, 0.975], [0.34249, 0.015], [0.45665, 0.01]], [[0.3073, 0.975], [0.46095, 0.015], [0.6146, 0.01]], [[18.36851, 0.975], [27.55276, 0.015], [36.73702, 0.01]], [[0.32795, 0.975], [0.49192, 0.015], [0.6559, 0.01]], [[13.38338, 0.975], [20.07507, 0.015], [26.76676, 0.01]], [[34.41367, 0.975], [51.6205, 0.015], [68.82734, 0.01]], [[4.90712, 0.975], [7.36068, 0.015], [9.81423, 0.01]], [[98.3952, 0.975], [147.5928, 0.015], [196.79041, 0.01]]]

T=[[[2, 0.01], [3, 0.015], [4, 0.975]], [[50, 0.01], [75, 0.015], [100, 0.975]], [[50, 0.01], [75, 0.015], [100, 0.975]], [[200, 0.01], [300, 0.015], [400, 0.975]], [[200, 0.01], [300, 0.015], [400, 0.975]], [[500, 0.01], [750, 0.015], [1000, 0.975]], [[500, 0.01], [750, 0.015], [1000, 0.975]], [[500, 0.01], [750, 0.015], [1000, 0.975]], [[500, 0.01], [750, 0.015], [1000, 0.975]], [[1000, 0.01], [1500, 0.015], [2000, 0.975]]]
C=[[[0.16796, 0.975], [0.25193, 0.015], [0.33591, 0.01]], [[1.62447, 0.975], [2.4367, 0.015], [3.24893, 0.01]], [[6.70591, 0.975], [10.05887, 0.015], [13.41183, 0.01]], [[13.19673, 0.975], [19.79509, 0.015], [26.39345, 0.01]], [[0.09163, 0.975], [0.13745, 0.015], [0.18327, 0.01]], [[28.91153, 0.975], [43.36729, 0.015], [57.82305, 0.01]], [[70.61815, 0.975], [105.92723, 0.015], [141.23631, 0.01]], [[17.95696, 0.975], [26.93544, 0.015], [35.91392, 0.01]], [[97.20274, 0.975], [145.8041, 0.015], [194.40547, 0.01]], [[3.5942, 0.975], [5.3913, 0.015], [7.1884, 0.01]]]

T=[[[1, 0.01], [2, 0.99]], [[2, 0.01], [3, 0.015], [4, 0.975]], [[10, 0.01], [15, 0.015], [20, 0.975]], [[10, 0.01], [15, 0.015], [20, 0.975]], [[20, 0.01], [30, 0.015], [40, 0.975]], [[20, 0.01], [30, 0.015], [40, 0.975]], [[50, 0.01], [75, 0.015], [100, 0.975]], [[50, 0.01], [75, 0.015], [100, 0.975]], [[100, 0.01], [150, 0.015], [200, 0.975]], [[500, 0.01], [750, 0.015], [1000, 0.975]]]
C=[[[0.05218, 0.975], [0.07828, 0.015], [0.10437, 0.01]], [[0.00843, 0.975], [0.01264, 0.015], [0.01686, 0.01]], [[0.40196, 0.975], [0.60293, 0.015], [0.80391, 0.01]], [[0.38245, 0.975], [0.57367, 0.015], [0.76489, 0.01]], [[0.73853, 0.975], [1.1078, 0.015], [1.47706, 0.01]], [[2.2887, 0.975], [3.43304, 0.015], [4.57739, 0.01]], [[1.34429, 0.975], [2.01644, 0.015], [2.68859, 0.01]], [[3.08652, 0.975], [4.62978, 0.015], [6.17304, 0.01]], [[22.38304, 0.975], [33.57456, 0.015], [44.76608, 0.01]], [[75.67672, 0.975], [113.51507, 0.015], [151.35343, 0.01]]]

T=[[[1, 0.01], [2, 0.99]], [[1, 0.01], [2, 0.99]], [[5, 0.01], [8, 0.015], [10, 0.975]], [[10, 0.01], [15, 0.015], [20, 0.975]], [[50, 0.01], [75, 0.015], [100, 0.975]], [[50, 0.01], [75, 0.015], [100, 0.975]], [[500, 0.01], [750, 0.015], [1000, 0.975]], [[500, 0.01], [750, 0.015], [1000, 0.975]], [[500, 0.01], [750, 0.015], [1000, 0.975]], [[1000, 0.01], [1500, 0.015], [2000, 0.975]]]
C=[[[0.02726, 0.975], [0.04088, 0.015], [0.05451, 0.01]], [[0.02416, 0.975], [0.03625, 0.015], [0.04833, 0.01]], [[0.39496, 0.975], [0.59244, 0.015], [0.78992, 0.01]], [[0.94221, 0.975], [1.41332, 0.015], [1.88443, 0.01]], [[5.2415, 0.975], [7.86225, 0.015], [10.483, 0.01]], [[3.85471, 0.975], [5.78207, 0.015], [7.70943, 0.01]], [[41.49596, 0.975], [62.24393, 0.015], [82.99191, 0.01]], [[6.21534, 0.975], [9.323, 0.015], [12.43067, 0.01]], [[99.28575, 0.975], [148.92862, 0.015], [198.5715, 0.01]], [[49.4483, 0.975], [74.17245, 0.015], [98.8966, 0.01]]]

T=[[[1, 0.01], [2, 0.99]], [[1, 0.01], [2, 0.99]], [[5, 0.01], [8, 0.015], [10, 0.975]], [[10, 0.01], [15, 0.015], [20, 0.975]], [[10, 0.01], [15, 0.015], [20, 0.975]], [[20, 0.01], [30, 0.015], [40, 0.975]], [[100, 0.01], [150, 0.015], [200, 0.975]], [[100, 0.01], [150, 0.015], [200, 0.975]], [[500, 0.01], [750, 0.015], [1000, 0.975]], [[1000, 0.01], [1500, 0.015], [2000, 0.975]]]
C=[[[0.04861, 0.975], [0.07291, 0.015], [0.09721, 0.01]], [[0.02815, 0.975], [0.04222, 0.015], [0.0563, 0.01]], [[0.47611, 0.975], [0.71417, 0.015], [0.95222, 0.01]], [[1.00568, 0.975], [1.50852, 0.015], [2.01137, 0.01]], [[0.01967, 0.975], [0.02951, 0.015], [0.03934, 0.01]], [[3.73028, 0.975], [5.59542, 0.015], [7.46055, 0.01]], [[5.30099, 0.975], [7.95149, 0.015], [10.60198, 0.01]], [[7.68318, 0.975], [11.52477, 0.015], [15.36637, 0.01]], [[26.94438, 0.975], [40.41656, 0.015], [53.88875, 0.01]], [[105.24247, 0.975], [157.86371, 0.015], [210.48495, 0.01]]]

T=[[[5, 0.01], [8, 0.015], [10, 0.975]], [[10, 0.01], [15, 0.015], [20, 0.975]], [[20, 0.01], [30, 0.015], [40, 0.975]], [[20, 0.01], [30, 0.015], [40, 0.975]], [[50, 0.01], [75, 0.015], [100, 0.975]], [[200, 0.01], [300, 0.015], [400, 0.975]], [[200, 0.01], [300, 0.015], [400, 0.975]], [[500, 0.01], [750, 0.015], [1000, 0.975]], [[1000, 0.01], [1500, 0.015], [2000, 0.975]], [[1000, 0.01], [1500, 0.015], [2000, 0.975]]]
C=[[[0.45373, 0.975], [0.6806, 0.015], [0.90747, 0.01]], [[0.18704, 0.975], [0.28055, 0.015], [0.37407, 0.01]], [[1.74014, 0.975], [2.6102, 0.015], [3.48027, 0.01]], [[2.37501, 0.975], [3.56252, 0.015], [4.75002, 0.01]], [[2.17925, 0.975], [3.26887, 0.015], [4.35849, 0.01]], [[5.76846, 0.975], [8.65269, 0.015], [11.53693, 0.01]], [[8.70564, 0.975], [13.05846, 0.015], [17.41128, 0.01]], [[58.8662, 0.975], [88.2993, 0.015], [117.7324, 0.01]], [[121.30952, 0.975], [181.96428, 0.015], [242.61905, 0.01]], [[79.79486, 0.975], [119.69228, 0.015], [159.58971, 0.01]]]

T=[[[2, 0.01], [3, 0.015], [4, 0.975]], [[20, 0.01], [30, 0.015], [40, 0.975]], [[20, 0.01], [30, 0.015], [40, 0.975]], [[50, 0.01], [75, 0.015], [100, 0.975]], [[50, 0.01], [75, 0.015], [100, 0.975]], [[100, 0.01], [150, 0.015], [200, 0.975]], [[200, 0.01], [300, 0.015], [400, 0.975]], [[500, 0.01], [750, 0.015], [1000, 0.975]], [[1000, 0.01], [1500, 0.015], [2000, 0.975]], [[1000, 0.01], [1500, 0.015], [2000, 0.975]]]
C=[[[0.26127, 0.975], [0.39191, 0.015], [0.52254, 0.01]], [[0.52218, 0.975], [0.78327, 0.015], [1.04437, 0.01]], [[1.84988, 0.975], [2.77482, 0.015], [3.69976, 0.01]], [[0.3607, 0.975], [0.54105, 0.015], [0.7214, 0.01]], [[1.71528, 0.975], [2.57292, 0.015], [3.43055, 0.01]], [[3.47318, 0.975], [5.20977, 0.015], [6.94636, 0.01]], [[0.48258, 0.975], [0.72386, 0.015], [0.96515, 0.01]], [[138.16761, 0.975], [207.25141, 0.015], [276.33521, 0.01]], [[112.14043, 0.975], [168.21064, 0.015], [224.28085, 0.01]], [[33.62165, 0.975], [50.43247, 0.015], [67.2433, 0.01]]]

T=[[[1, 0.01], [2, 0.99]], [[5, 0.01], [8, 0.015], [10, 0.975]], [[5, 0.01], [8, 0.015], [10, 0.975]], [[10, 0.01], [15, 0.015], [20, 0.975]], [[50, 0.01], [75, 0.015], [100, 0.975]], [[50, 0.01], [75, 0.015], [100, 0.975]], [[100, 0.01], [150, 0.015], [200, 0.975]], [[200, 0.01], [300, 0.015], [400, 0.975]], [[500, 0.01], [750, 0.015], [1000, 0.975]], [[500, 0.01], [750, 0.015], [1000, 0.975]]]
C=[[[0.08051, 0.975], [0.12077, 0.015], [0.16102, 0.01]], [[0.35886, 0.975], [0.53829, 0.015], [0.71772, 0.01]], [[0.07449, 0.975], [0.11173, 0.015], [0.14898, 0.01]], [[0.55106, 0.975], [0.8266, 0.015], [1.10213, 0.01]], [[2.99593, 0.975], [4.49389, 0.015], [5.99185, 0.01]], [[0.12885, 0.975], [0.19327, 0.015], [0.2577, 0.01]], [[26.20427, 0.975], [39.30641, 0.015], [52.40855, 0.01]], [[24.7895, 0.975], [37.18426, 0.015], [49.57901, 0.01]], [[0.53299, 0.975], [0.79949, 0.015], [1.06598, 0.01]], [[39.08028, 0.975], [58.62042, 0.015], [78.16057, 0.01]]]

T=[[[2, 0.01], [3, 0.015], [4, 0.975]], [[2, 0.01], [3, 0.015], [4, 0.975]], [[2, 0.01], [3, 0.015], [4, 0.975]], [[5, 0.01], [8, 0.015], [10, 0.975]], [[50, 0.01], [75, 0.015], [100, 0.975]], [[100, 0.01], [150, 0.015], [200, 0.975]], [[100, 0.01], [150, 0.015], [200, 0.975]], [[500, 0.01], [750, 0.015], [1000, 0.975]], [[1000, 0.01], [1500, 0.015], [2000, 0.975]], [[1000, 0.01], [1500, 0.015], [2000, 0.975]]]
C=[[[0.33888, 0.975], [0.50832, 0.015], [0.67776, 0.01]], [[0.0622, 0.975], [0.0933, 0.015], [0.12439, 0.01]], [[0.0123, 0.975], [0.01844, 0.015], [0.02459, 0.01]], [[0.91717, 0.975], [1.37576, 0.015], [1.83434, 0.01]], [[0.91493, 0.975], [1.3724, 0.015], [1.82986, 0.01]], [[0.05608, 0.975], [0.08413, 0.015], [0.11217, 0.01]], [[13.7606, 0.975], [20.64091, 0.015], [27.52121, 0.01]], [[7.79674, 0.975], [11.69511, 0.015], [15.59348, 0.01]], [[154.74454, 0.975], [232.11681, 0.015], [309.48909, 0.01]], [[33.07517, 0.975], [49.61276, 0.015], [66.15035, 0.01]]]

T=[[[1, 0.01], [2, 0.99]], [[2, 0.01], [3, 0.015], [4, 0.975]], [[5, 0.01], [8, 0.015], [10, 0.975]], [[10, 0.01], [15, 0.015], [20, 0.975]], [[50, 0.01], [75, 0.015], [100, 0.975]], [[50, 0.01], [75, 0.015], [100, 0.975]], [[100, 0.01], [150, 0.015], [200, 0.975]], [[500, 0.01], [750, 0.015], [1000, 0.975]], [[1000, 0.01], [1500, 0.015], [2000, 0.975]], [[1000, 0.01], [1500, 0.015], [2000, 0.975]]]
C=[[[0.04382, 0.975], [0.06573, 0.015], [0.08764, 0.01]], [[0.0281, 0.975], [0.04215, 0.015], [0.05621, 0.01]], [[0.02449, 0.975], [0.03673, 0.015], [0.04898, 0.01]], [[0.12571, 0.975], [0.18857, 0.015], [0.25143, 0.01]], [[7.01002, 0.975], [10.51503, 0.015], [14.02005, 0.01]], [[11.72445, 0.975], [17.58668, 0.015], [23.4489, 0.01]], [[14.67404, 0.975], [22.01107, 0.015], [29.34809, 0.01]], [[49.97156, 0.975], [74.95735, 0.015], [99.94313, 0.01]], [[5.69952, 0.975], [8.54928, 0.015], [11.39904, 0.01]], [[47.58437, 0.975], [71.37656, 0.015], [95.16875, 0.01]]]

T=[[[1, 0.01], [2, 0.99]], [[2, 0.01], [3, 0.015], [4, 0.975]], [[5, 0.01], [8, 0.015], [10, 0.975]], [[10, 0.01], [15, 0.015], [20, 0.975]], [[20, 0.01], [30, 0.015], [40, 0.975]], [[50, 0.01], [75, 0.015], [100, 0.975]], [[100, 0.01], [150, 0.015], [200, 0.975]], [[500, 0.01], [750, 0.015], [1000, 0.975]], [[1000, 0.01], [1500, 0.015], [2000, 0.975]], [[1000, 0.01], [1500, 0.015], [2000, 0.975]]]
C=[[[0.03736, 0.975], [0.05604, 0.015], [0.07471, 0.01]], [[0.41713, 0.975], [0.6257, 0.015], [0.83427, 0.01]], [[0.19775, 0.975], [0.29662, 0.015], [0.39549, 0.01]], [[1.07831, 0.975], [1.61746, 0.015], [2.15661, 0.01]], [[0.16741, 0.975], [0.25111, 0.015], [0.33481, 0.01]], [[9.04942, 0.975], [13.57413, 0.015], [18.09885, 0.01]], [[1.48973, 0.975], [2.2346, 0.015], [2.97946, 0.01]], [[12.61176, 0.975], [18.91765, 0.015], [25.22353, 0.01]], [[85.5914, 0.975], [128.38711, 0.015], [171.18281, 0.01]], [[41.62512, 0.975], [62.43768, 0.015], [83.25024, 0.01]]]

T=[[[2, 0.01], [3, 0.015], [4, 0.975]], [[2, 0.01], [3, 0.015], [4, 0.975]], [[5, 0.01], [8, 0.015], [10, 0.975]], [[5, 0.01], [8, 0.015], [10, 0.975]], [[10, 0.01], [15, 0.015], [20, 0.975]], [[100, 0.01], [150, 0.015], [200, 0.975]], [[500, 0.01], [750, 0.015], [1000, 0.975]], [[500, 0.01], [750, 0.015], [1000, 0.975]], [[500, 0.01], [750, 0.015], [1000, 0.975]], [[1000, 0.01], [1500, 0.015], [2000, 0.975]]]
C=[[[0.11109, 0.975], [0.16663, 0.015], [0.22218, 0.01]], [[0.09195, 0.975], [0.13793, 0.015], [0.18391, 0.01]], [[0.21708, 0.975], [0.32562, 0.015], [0.43416, 0.01]], [[0.08661, 0.975], [0.12992, 0.015], [0.17322, 0.01]], [[0.7234, 0.975], [1.0851, 0.015], [1.44681, 0.01]], [[0.87799, 0.975], [1.31699, 0.015], [1.75599, 0.01]], [[31.80068, 0.975], [47.70102, 0.015], [63.60136, 0.01]], [[126.32669, 0.975], [189.49004, 0.015], [252.65338, 0.01]], [[51.74929, 0.975], [77.62394, 0.015], [103.49858, 0.01]], [[86.86733, 0.975], [130.30099, 0.015], [173.73466, 0.01]]]

T=[[[1, 0.01], [2, 0.99]], [[1, 0.01], [2, 0.99]], [[5, 0.01], [8, 0.015], [10, 0.975]], [[5, 0.01], [8, 0.015], [10, 0.975]], [[5, 0.01], [8, 0.015], [10, 0.975]], [[50, 0.01], [75, 0.015], [100, 0.975]], [[50, 0.01], [75, 0.015], [100, 0.975]], [[100, 0.01], [150, 0.015], [200, 0.975]], [[100, 0.01], [150, 0.015], [200, 0.975]], [[1000, 0.01], [1500, 0.015], [2000, 0.975]]]
C=[[[0.24827, 0.975], [0.37241, 0.015], [0.49654, 0.01]], [[0.04581, 0.975], [0.06871, 0.015], [0.09162, 0.01]], [[0.10338, 0.975], [0.15507, 0.015], [0.20676, 0.01]], [[0.45612, 0.975], [0.68417, 0.015], [0.91223, 0.01]], [[0.83767, 0.975], [1.2565, 0.015], [1.67534, 0.01]], [[1.19799, 0.975], [1.79698, 0.015], [2.39597, 0.01]], [[2.9894, 0.975], [4.4841, 0.015], [5.9788, 0.01]], [[0.22573, 0.975], [0.33859, 0.015], [0.45145, 0.01]], [[7.62734, 0.975], [11.44102, 0.015], [15.25469, 0.01]], [[14.20906, 0.975], [21.31359, 0.015], [28.41812, 0.01]]]

T=[[[1, 0.01], [2, 0.99]], [[1, 0.01], [2, 0.99]], [[1, 0.01], [2, 0.99]], [[2, 0.01], [3, 0.015], [4, 0.975]], [[20, 0.01], [30, 0.015], [40, 0.975]], [[100, 0.01], [150, 0.015], [200, 0.975]], [[100, 0.01], [150, 0.015], [200, 0.975]], [[100, 0.01], [150, 0.015], [200, 0.975]], [[500, 0.01], [750, 0.015], [1000, 0.975]], [[500, 0.01], [750, 0.015], [1000, 0.975]]]
C=[[[0.20097, 0.975], [0.30145, 0.015], [0.40194, 0.01]], [[0.05408, 0.975], [0.08112, 0.015], [0.10816, 0.01]], [[0.00956, 0.975], [0.01434, 0.015], [0.01912, 0.01]], [[0.09843, 0.975], [0.14764, 0.015], [0.19686, 0.01]], [[0.64553, 0.975], [0.9683, 0.015], [1.29106, 0.01]], [[8.04123, 0.975], [12.06184, 0.015], [16.08245, 0.01]], [[3.81338, 0.975], [5.72007, 0.015], [7.62676, 0.01]], [[6.69898, 0.975], [10.04847, 0.015], [13.39796, 0.01]], [[20.53426, 0.975], [30.80139, 0.015], [41.06852, 0.01]], [[88.64725, 0.975], [132.97087, 0.015], [177.29449, 0.01]]]

T=[[[2, 0.01], [3, 0.015], [4, 0.975]], [[10, 0.01], [15, 0.015], [20, 0.975]], [[20, 0.01], [30, 0.015], [40, 0.975]], [[50, 0.01], [75, 0.015], [100, 0.975]], [[50, 0.01], [75, 0.015], [100, 0.975]], [[100, 0.01], [150, 0.015], [200, 0.975]], [[100, 0.01], [150, 0.015], [200, 0.975]], [[100, 0.01], [150, 0.015], [200, 0.975]], [[100, 0.01], [150, 0.015], [200, 0.975]], [[1000, 0.01], [1500, 0.015], [2000, 0.975]]]
C=[[[0.4306, 0.975], [0.6459, 0.015], [0.86121, 0.01]], [[0.45056, 0.975], [0.67585, 0.015], [0.90113, 0.01]], [[0.29284, 0.975], [0.43926, 0.015], [0.58568, 0.01]], [[5.3188, 0.975], [7.9782, 0.015], [10.63759, 0.01]], [[7.01873, 0.975], [10.52809, 0.015], [14.03745, 0.01]], [[0.46506, 0.975], [0.69759, 0.015], [0.93012, 0.01]], [[13.23028, 0.975], [19.84541, 0.015], [26.46055, 0.01]], [[1.69956, 0.975], [2.54934, 0.015], [3.39912, 0.01]], [[0.36549, 0.975], [0.54823, 0.015], [0.73098, 0.01]], [[70.64573, 0.975], [105.96859, 0.015], [141.29145, 0.01]]]

T=[[[2, 0.01], [3, 0.015], [4, 0.975]], [[2, 0.01], [3, 0.015], [4, 0.975]], [[2, 0.01], [3, 0.015], [4, 0.975]], [[5, 0.01], [8, 0.015], [10, 0.975]], [[5, 0.01], [8, 0.015], [10, 0.975]], [[20, 0.01], [30, 0.015], [40, 0.975]], [[100, 0.01], [150, 0.015], [200, 0.975]], [[200, 0.01], [300, 0.015], [400, 0.975]], [[200, 0.01], [300, 0.015], [400, 0.975]], [[500, 0.01], [750, 0.015], [1000, 0.975]]]
C=[[[0.01905, 0.975], [0.02857, 0.015], [0.03809, 0.01]], [[0.03426, 0.975], [0.05139, 0.015], [0.06852, 0.01]], [[0.02343, 0.975], [0.03514, 0.015], [0.04686, 0.01]], [[1.37014, 0.975], [2.05522, 0.015], [2.74029, 0.01]], [[1.06713, 0.975], [1.60069, 0.015], [2.13426, 0.01]], [[0.21285, 0.975], [0.31928, 0.015], [0.42571, 0.01]], [[3.51716, 0.975], [5.27574, 0.015], [7.03432, 0.01]], [[20.49296, 0.975], [30.73945, 0.015], [40.98593, 0.01]], [[3.15133, 0.975], [4.72699, 0.015], [6.30265, 0.01]], [[30.07124, 0.975], [45.10686, 0.015], [60.14248, 0.01]]]

T=[[[2, 0.01], [3, 0.015], [4, 0.975]], [[5, 0.01], [8, 0.015], [10, 0.975]], [[10, 0.01], [15, 0.015], [20, 0.975]], [[10, 0.01], [15, 0.015], [20, 0.975]], [[50, 0.01], [75, 0.015], [100, 0.975]], [[100, 0.01], [150, 0.015], [200, 0.975]], [[200, 0.01], [300, 0.015], [400, 0.975]], [[500, 0.01], [750, 0.015], [1000, 0.975]], [[500, 0.01], [750, 0.015], [1000, 0.975]], [[1000, 0.01], [1500, 0.015], [2000, 0.975]]]
C=[[[0.54838, 0.975], [0.82257, 0.015], [1.09677, 0.01]], [[0.26633, 0.975], [0.39949, 0.015], [0.53265, 0.01]], [[0.72274, 0.975], [1.08411, 0.015], [1.44548, 0.01]], [[1.44222, 0.975], [2.16333, 0.015], [2.88444, 0.01]], [[1.01022, 0.975], [1.51533, 0.015], [2.02044, 0.01]], [[1.4818, 0.975], [2.22269, 0.015], [2.96359, 0.01]], [[11.87819, 0.975], [17.81729, 0.015], [23.75639, 0.01]], [[11.53973, 0.975], [17.30959, 0.015], [23.07945, 0.01]], [[32.98227, 0.975], [49.4734, 0.015], [65.96453, 0.01]], [[22.59011, 0.975], [33.88516, 0.015], [45.18022, 0.01]]]

T=[[[1, 0.01], [2, 0.99]], [[10, 0.01], [15, 0.015], [20, 0.975]], [[10, 0.01], [15, 0.015], [20, 0.975]], [[10, 0.01], [15, 0.015], [20, 0.975]], [[20, 0.01], [30, 0.015], [40, 0.975]], [[20, 0.01], [30, 0.015], [40, 0.975]], [[20, 0.01], [30, 0.015], [40, 0.975]], [[200, 0.01], [300, 0.015], [400, 0.975]], [[500, 0.01], [750, 0.015], [1000, 0.975]], [[1000, 0.01], [1500, 0.015], [2000, 0.975]]]
C=[[[0.12337, 0.975], [0.18506, 0.015], [0.24675, 0.01]], [[0.18421, 0.975], [0.27631, 0.015], [0.36841, 0.01]], [[1.64519, 0.975], [2.46778, 0.015], [3.29038, 0.01]], [[0.33934, 0.975], [0.50901, 0.015], [0.67868, 0.01]], [[4.18624, 0.975], [6.27935, 0.015], [8.37247, 0.01]], [[1.4754, 0.975], [2.2131, 0.015], [2.9508, 0.01]], [[1.60092, 0.975], [2.40139, 0.015], [3.20185, 0.01]], [[1.14598, 0.975], [1.71897, 0.015], [2.29196, 0.01]], [[2.04076, 0.975], [3.06114, 0.015], [4.08152, 0.01]], [[36.81272, 0.975], [55.21909, 0.015], [73.62545, 0.01]]]

T=[[[2, 0.01], [3, 0.015], [4, 0.975]], [[2, 0.01], [3, 0.015], [4, 0.975]], [[5, 0.01], [8, 0.015], [10, 0.975]], [[5, 0.01], [8, 0.015], [10, 0.975]], [[10, 0.01], [15, 0.015], [20, 0.975]], [[20, 0.01], [30, 0.015], [40, 0.975]], [[100, 0.01], [150, 0.015], [200, 0.975]], [[200, 0.01], [300, 0.015], [400, 0.975]], [[500, 0.01], [750, 0.015], [1000, 0.975]], [[1000, 0.01], [1500, 0.015], [2000, 0.975]]]
C=[[[0.11224, 0.975], [0.16837, 0.015], [0.22449, 0.01]], [[0.27932, 0.975], [0.41898, 0.015], [0.55864, 0.01]], [[0.46225, 0.975], [0.69338, 0.015], [0.9245, 0.01]], [[0.48764, 0.975], [0.73147, 0.015], [0.97529, 0.01]], [[1.00631, 0.975], [1.50947, 0.015], [2.01263, 0.01]], [[0.22626, 0.975], [0.3394, 0.015], [0.45253, 0.01]], [[5.47231, 0.975], [8.20846, 0.015], [10.94461, 0.01]], [[24.20357, 0.975], [36.30536, 0.015], [48.40715, 0.01]], [[16.02768, 0.975], [24.04152, 0.015], [32.05536, 0.01]], [[44.49836, 0.975], [66.74754, 0.015], [88.99672, 0.01]]]

T=[[[1, 0.01], [2, 0.99]], [[2, 0.01], [3, 0.015], [4, 0.975]], [[2, 0.01], [3, 0.015], [4, 0.975]], [[50, 0.01], [75, 0.015], [100, 0.975]], [[100, 0.01], [150, 0.015], [200, 0.975]], [[100, 0.01], [150, 0.015], [200, 0.975]], [[200, 0.01], [300, 0.015], [400, 0.975]], [[500, 0.01], [750, 0.015], [1000, 0.975]], [[500, 0.01], [750, 0.015], [1000, 0.975]], [[1000, 0.01], [1500, 0.015], [2000, 0.975]]]
C=[[[0.03918, 0.975], [0.05876, 0.015], [0.07835, 0.01]], [[0.03244, 0.975], [0.04866, 0.015], [0.06488, 0.01]], [[0.02549, 0.975], [0.03824, 0.015], [0.05099, 0.01]], [[13.8731, 0.975], [20.80965, 0.015], [27.7462, 0.01]], [[2.11475, 0.975], [3.17212, 0.015], [4.22949, 0.01]], [[8.3909, 0.975], [12.58635, 0.015], [16.78181, 0.01]], [[10.60057, 0.975], [15.90086, 0.015], [21.20114, 0.01]], [[34.72054, 0.975], [52.0808, 0.015], [69.44107, 0.01]], [[42.9548, 0.975], [64.43219, 0.015], [85.90959, 0.01]], [[90.98579, 0.975], [136.47868, 0.015], [181.97158, 0.01]]]

T=[[[2, 0.01], [3, 0.015], [4, 0.975]], [[2, 0.01], [3, 0.015], [4, 0.975]], [[2, 0.01], [3, 0.015], [4, 0.975]], [[2, 0.01], [3, 0.015], [4, 0.975]], [[5, 0.01], [8, 0.015], [10, 0.975]], [[10, 0.01], [15, 0.015], [20, 0.975]], [[20, 0.01], [30, 0.015], [40, 0.975]], [[100, 0.01], [150, 0.015], [200, 0.975]], [[500, 0.01], [750, 0.015], [1000, 0.975]], [[500, 0.01], [750, 0.015], [1000, 0.975]]]
C=[[[0.02799, 0.975], [0.04198, 0.015], [0.05598, 0.01]], [[0.33117, 0.975], [0.49676, 0.015], [0.66235, 0.01]], [[0.20393, 0.975], [0.30589, 0.015], [0.40785, 0.01]], [[0.0267, 0.975], [0.04006, 0.015], [0.05341, 0.01]], [[0.68041, 0.975], [1.02061, 0.015], [1.36081, 0.01]], [[0.41572, 0.975], [0.62358, 0.015], [0.83144, 0.01]], [[2.25167, 0.975], [3.3775, 0.015], [4.50334, 0.01]], [[3.13822, 0.975], [4.70733, 0.015], [6.27644, 0.01]], [[26.3555, 0.975], [39.53325, 0.015], [52.711, 0.01]], [[40.38704, 0.975], [60.58056, 0.015], [80.77408, 0.01]]]

T=[[[1, 0.01], [2, 0.99]], [[1, 0.01], [2, 0.99]], [[5, 0.01], [8, 0.015], [10, 0.975]], [[20, 0.01], [30, 0.015], [40, 0.975]], [[20, 0.01], [30, 0.015], [40, 0.975]], [[20, 0.01], [30, 0.015], [40, 0.975]], [[20, 0.01], [30, 0.015], [40, 0.975]], [[500, 0.01], [750, 0.015], [1000, 0.975]], [[500, 0.01], [750, 0.015], [1000, 0.975]], [[1000, 0.01], [1500, 0.015], [2000, 0.975]]]
C=[[[0.02744, 0.975], [0.04117, 0.015], [0.05489, 0.01]], [[0.17717, 0.975], [0.26575, 0.015], [0.35433, 0.01]], [[0.29523, 0.975], [0.44284, 0.015], [0.59046, 0.01]], [[0.22513, 0.975], [0.3377, 0.015], [0.45026, 0.01]], [[0.20816, 0.975], [0.31225, 0.015], [0.41633, 0.01]], [[0.67114, 0.975], [1.00671, 0.015], [1.34227, 0.01]], [[0.43811, 0.975], [0.65717, 0.015], [0.87622, 0.01]], [[63.28488, 0.975], [94.92732, 0.015], [126.56976, 0.01]], [[22.07916, 0.975], [33.11874, 0.015], [44.15832, 0.01]], [[238.48973, 0.975], [357.7346, 0.015], [476.97946, 0.01]]]

T=[[[2, 0.01], [3, 0.015], [4, 0.975]], [[5, 0.01], [8, 0.015], [10, 0.975]], [[5, 0.01], [8, 0.015], [10, 0.975]], [[5, 0.01], [8, 0.015], [10, 0.975]], [[10, 0.01], [15, 0.015], [20, 0.975]], [[50, 0.01], [75, 0.015], [100, 0.975]], [[50, 0.01], [75, 0.015], [100, 0.975]], [[100, 0.01], [150, 0.015], [200, 0.975]], [[200, 0.01], [300, 0.015], [400, 0.975]], [[1000, 0.01], [1500, 0.015], [2000, 0.975]]]
C=[[[0.06679, 0.975], [0.10019, 0.015], [0.13358, 0.01]], [[0.02138, 0.975], [0.03207, 0.015], [0.04276, 0.01]], [[0.08735, 0.975], [0.13103, 0.015], [0.17471, 0.01]], [[0.31778, 0.975], [0.47667, 0.015], [0.63555, 0.01]], [[1.83621, 0.975], [2.75432, 0.015], [3.67243, 0.01]], [[13.92908, 0.975], [20.89362, 0.015], [27.85816, 0.01]], [[2.15035, 0.975], [3.22552, 0.015], [4.30069, 0.01]], [[4.2277, 0.975], [6.34155, 0.015], [8.4554, 0.01]], [[0.6966, 0.975], [1.0449, 0.015], [1.3932, 0.01]], [[80.33188, 0.975], [120.49781, 0.015], [160.66375, 0.01]]]

T=[[[2, 0.01], [3, 0.015], [4, 0.975]], [[5, 0.01], [8, 0.015], [10, 0.975]], [[5, 0.01], [8, 0.015], [10, 0.975]], [[10, 0.01], [15, 0.015], [20, 0.975]], [[50, 0.01], [75, 0.015], [100, 0.975]], [[50, 0.01], [75, 0.015], [100, 0.975]], [[50, 0.01], [75, 0.015], [100, 0.975]], [[100, 0.01], [150, 0.015], [200, 0.975]], [[500, 0.01], [750, 0.015], [1000, 0.975]], [[1000, 0.01], [1500, 0.015], [2000, 0.975]]]
C=[[[0.07018, 0.975], [0.10527, 0.015], [0.14036, 0.01]], [[0.01062, 0.975], [0.01593, 0.015], [0.02124, 0.01]], [[0.38503, 0.975], [0.57754, 0.015], [0.77005, 0.01]], [[0.58382, 0.975], [0.87573, 0.015], [1.16765, 0.01]], [[9.93788, 0.975], [14.90683, 0.015], [19.87577, 0.01]], [[2.45102, 0.975], [3.67653, 0.015], [4.90204, 0.01]], [[3.9576, 0.975], [5.9364, 0.015], [7.9152, 0.01]], [[5.16501, 0.975], [7.74752, 0.015], [10.33002, 0.01]], [[32.67573, 0.975], [49.0136, 0.015], [65.35146, 0.01]], [[133.46749, 0.975], [200.20123, 0.015], [266.93497, 0.01]]]

T=[[[1, 0.01], [2, 0.99]], [[5, 0.01], [8, 0.015], [10, 0.975]], [[5, 0.01], [8, 0.015], [10, 0.975]], [[10, 0.01], [15, 0.015], [20, 0.975]], [[10, 0.01], [15, 0.015], [20, 0.975]], [[20, 0.01], [30, 0.015], [40, 0.975]], [[50, 0.01], [75, 0.015], [100, 0.975]], [[200, 0.01], [300, 0.015], [400, 0.975]], [[200, 0.01], [300, 0.015], [400, 0.975]], [[200, 0.01], [300, 0.015], [400, 0.975]]]
C=[[[0.0375, 0.975], [0.05626, 0.015], [0.07501, 0.01]], [[0.42666, 0.975], [0.63999, 0.015], [0.85333, 0.01]], [[0.15231, 0.975], [0.22846, 0.015], [0.30462, 0.01]], [[0.76658, 0.975], [1.14987, 0.015], [1.53316, 0.01]], [[0.59151, 0.975], [0.88726, 0.015], [1.18301, 0.01]], [[0.93997, 0.975], [1.40996, 0.015], [1.87994, 0.01]], [[6.48112, 0.975], [9.72168, 0.015], [12.96223, 0.01]], [[33.80466, 0.975], [50.70699, 0.015], [67.60932, 0.01]], [[10.08892, 0.975], [15.13337, 0.015], [20.17783, 0.01]], [[12.96067, 0.975], [19.441, 0.015], [25.92133, 0.01]]]

T=[[[1, 0.01], [2, 0.99]], [[20, 0.01], [30, 0.015], [40, 0.975]], [[20, 0.01], [30, 0.015], [40, 0.975]], [[50, 0.01], [75, 0.015], [100, 0.975]], [[100, 0.01], [150, 0.015], [200, 0.975]], [[200, 0.01], [300, 0.015], [400, 0.975]], [[1000, 0.01], [1500, 0.015], [2000, 0.975]], [[1000, 0.01], [1500, 0.015], [2000, 0.975]], [[1000, 0.01], [1500, 0.015], [2000, 0.975]], [[1000, 0.01], [1500, 0.015], [2000, 0.975]]]
C=[[[0.00256, 0.975], [0.00383, 0.015], [0.00511, 0.01]], [[2.53264, 0.975], [3.79895, 0.015], [5.06527, 0.01]], [[0.58569, 0.975], [0.87853, 0.015], [1.17138, 0.01]], [[1.60899, 0.975], [2.41349, 0.015], [3.21798, 0.01]], [[6.31843, 0.975], [9.47764, 0.015], [12.63686, 0.01]], [[19.08393, 0.975], [28.6259, 0.015], [38.16786, 0.01]], [[62.62502, 0.975], [93.93753, 0.015], [125.25004, 0.01]], [[246.30363, 0.975], [369.45545, 0.015], [492.60726, 0.01]], [[34.18846, 0.975], [51.28269, 0.015], [68.37692, 0.01]], [[57.62679, 0.975], [86.44018, 0.015], [115.25357, 0.01]]]

T=[[[2, 0.01], [3, 0.015], [4, 0.975]], [[5, 0.01], [8, 0.015], [10, 0.975]], [[10, 0.01], [15, 0.015], [20, 0.975]], [[20, 0.01], [30, 0.015], [40, 0.975]], [[50, 0.01], [75, 0.015], [100, 0.975]], [[100, 0.01], [150, 0.015], [200, 0.975]], [[100, 0.01], [150, 0.015], [200, 0.975]], [[500, 0.01], [750, 0.015], [1000, 0.975]], [[1000, 0.01], [1500, 0.015], [2000, 0.975]], [[1000, 0.01], [1500, 0.015], [2000, 0.975]]]
C=[[[0.26306, 0.975], [0.3946, 0.015], [0.52613, 0.01]], [[0.18465, 0.975], [0.27698, 0.015], [0.3693, 0.01]], [[0.03101, 0.975], [0.04651, 0.015], [0.06202, 0.01]], [[0.31511, 0.975], [0.47267, 0.015], [0.63022, 0.01]], [[7.00936, 0.975], [10.51405, 0.015], [14.01873, 0.01]], [[7.56755, 0.975], [11.35132, 0.015], [15.13509, 0.01]], [[0.15772, 0.975], [0.23658, 0.015], [0.31543, 0.01]], [[87.59236, 0.975], [131.38853, 0.015], [175.18471, 0.01]], [[57.43647, 0.975], [86.1547, 0.015], [114.87294, 0.01]], [[112.61956, 0.975], [168.92934, 0.015], [225.23913, 0.01]]]

T=[[[1, 0.01], [2, 0.99]], [[2, 0.01], [3, 0.015], [4, 0.975]], [[2, 0.01], [3, 0.015], [4, 0.975]], [[10, 0.01], [15, 0.015], [20, 0.975]], [[20, 0.01], [30, 0.015], [40, 0.975]], [[20, 0.01], [30, 0.015], [40, 0.975]], [[100, 0.01], [150, 0.015], [200, 0.975]], [[100, 0.01], [150, 0.015], [200, 0.975]], [[200, 0.01], [300, 0.015], [400, 0.975]], [[1000, 0.01], [1500, 0.015], [2000, 0.975]]]
C=[[[0.0067, 0.975], [0.01005, 0.015], [0.01341, 0.01]], [[0.01318, 0.975], [0.01977, 0.015], [0.02636, 0.01]], [[0.05295, 0.975], [0.07942, 0.015], [0.10589, 0.01]], [[1.881, 0.975], [2.8215, 0.015], [3.76201, 0.01]], [[0.73384, 0.975], [1.10075, 0.015], [1.46767, 0.01]], [[0.07232, 0.975], [0.10848, 0.015], [0.14464, 0.01]], [[9.03237, 0.975], [13.54855, 0.015], [18.06473, 0.01]], [[16.8023, 0.975], [25.20345, 0.015], [33.6046, 0.01]], [[10.92105, 0.975], [16.38157, 0.015], [21.8421, 0.01]], [[168.87292, 0.975], [253.30938, 0.015], [337.74584, 0.01]]]

T=[[[1, 0.01], [2, 0.99]], [[1, 0.01], [2, 0.99]], [[2, 0.01], [3, 0.015], [4, 0.975]], [[2, 0.01], [3, 0.015], [4, 0.975]], [[10, 0.01], [15, 0.015], [20, 0.975]], [[10, 0.01], [15, 0.015], [20, 0.975]], [[20, 0.01], [30, 0.015], [40, 0.975]], [[200, 0.01], [300, 0.015], [400, 0.975]], [[200, 0.01], [300, 0.015], [400, 0.975]], [[1000, 0.01], [1500, 0.015], [2000, 0.975]]]
C=[[[0.15868, 0.975], [0.23802, 0.015], [0.31736, 0.01]], [[0.24185, 0.975], [0.36277, 0.015], [0.48369, 0.01]], [[0.04115, 0.975], [0.06173, 0.015], [0.0823, 0.01]], [[0.11785, 0.975], [0.17677, 0.015], [0.2357, 0.01]], [[0.02674, 0.975], [0.04011, 0.015], [0.05349, 0.01]], [[1.27011, 0.975], [1.90516, 0.015], [2.54022, 0.01]], [[0.73768, 0.975], [1.10652, 0.015], [1.47536, 0.01]], [[3.26751, 0.975], [4.90127, 0.015], [6.53503, 0.01]], [[1.87213, 0.975], [2.80819, 0.015], [3.74426, 0.01]], [[77.70351, 0.975], [116.55526, 0.015], [155.40702, 0.01]]]

T=[[[2, 0.01], [3, 0.015], [4, 0.975]], [[2, 0.01], [3, 0.015], [4, 0.975]], [[10, 0.01], [15, 0.015], [20, 0.975]], [[50, 0.01], [75, 0.015], [100, 0.975]], [[100, 0.01], [150, 0.015], [200, 0.975]], [[100, 0.01], [150, 0.015], [200, 0.975]], [[200, 0.01], [300, 0.015], [400, 0.975]], [[500, 0.01], [750, 0.015], [1000, 0.975]], [[500, 0.01], [750, 0.015], [1000, 0.975]], [[500, 0.01], [750, 0.015], [1000, 0.975]]]
C=[[[0.0217, 0.975], [0.03254, 0.015], [0.04339, 0.01]], [[0.27343, 0.975], [0.41015, 0.015], [0.54686, 0.01]], [[0.52504, 0.975], [0.78756, 0.015], [1.05008, 0.01]], [[6.0211, 0.975], [9.03164, 0.015], [12.04219, 0.01]], [[6.02336, 0.975], [9.03504, 0.015], [12.04672, 0.01]], [[5.51451, 0.975], [8.27177, 0.015], [11.02902, 0.01]], [[8.63929, 0.975], [12.95893, 0.015], [17.27858, 0.01]], [[51.05991, 0.975], [76.58986, 0.015], [102.11982, 0.01]], [[42.00006, 0.975], [63.00008, 0.015], [84.00011, 0.01]], [[42.40777, 0.975], [63.61165, 0.015], [84.81553, 0.01]]]

T=[[[1, 0.01], [2, 0.99]], [[2, 0.01], [3, 0.015], [4, 0.975]], [[2, 0.01], [3, 0.015], [4, 0.975]], [[10, 0.01], [15, 0.015], [20, 0.975]], [[10, 0.01], [15, 0.015], [20, 0.975]], [[20, 0.01], [30, 0.015], [40, 0.975]], [[20, 0.01], [30, 0.015], [40, 0.975]], [[100, 0.01], [150, 0.015], [200, 0.975]], [[100, 0.01], [150, 0.015], [200, 0.975]], [[200, 0.01], [300, 0.015], [400, 0.975]]]
C=[[[0.05848, 0.975], [0.08772, 0.015], [0.11696, 0.01]], [[0.0678, 0.975], [0.10169, 0.015], [0.13559, 0.01]], [[0.04057, 0.975], [0.06086, 0.015], [0.08115, 0.01]], [[1.35799, 0.975], [2.03699, 0.015], [2.71599, 0.01]], [[1.55562, 0.975], [2.33343, 0.015], [3.11124, 0.01]], [[2.78403, 0.975], [4.17604, 0.015], [5.56805, 0.01]], [[0.0525, 0.975], [0.07876, 0.015], [0.10501, 0.01]], [[0.45148, 0.975], [0.67723, 0.015], [0.90297, 0.01]], [[16.87854, 0.975], [25.31781, 0.015], [33.75708, 0.01]], [[6.16963, 0.975], [9.25444, 0.015], [12.33925, 0.01]]]

T=[[[2, 0.01], [3, 0.015], [4, 0.975]], [[2, 0.01], [3, 0.015], [4, 0.975]], [[2, 0.01], [3, 0.015], [4, 0.975]], [[2, 0.01], [3, 0.015], [4, 0.975]], [[10, 0.01], [15, 0.015], [20, 0.975]], [[10, 0.01], [15, 0.015], [20, 0.975]], [[20, 0.01], [30, 0.015], [40, 0.975]], [[200, 0.01], [300, 0.015], [400, 0.975]], [[500, 0.01], [750, 0.015], [1000, 0.975]], [[500, 0.01], [750, 0.015], [1000, 0.975]]]
C=[[[0.02875, 0.975], [0.04312, 0.015], [0.05749, 0.01]], [[0.0626, 0.975], [0.09391, 0.015], [0.12521, 0.01]], [[0.25303, 0.975], [0.37955, 0.015], [0.50606, 0.01]], [[0.05643, 0.975], [0.08464, 0.015], [0.11285, 0.01]], [[0.17058, 0.975], [0.25587, 0.015], [0.34115, 0.01]], [[0.00384, 0.975], [0.00576, 0.015], [0.00768, 0.01]], [[1.63475, 0.975], [2.45213, 0.015], [3.2695, 0.01]], [[48.82627, 0.975], [73.23941, 0.015], [97.65255, 0.01]], [[101.82438, 0.975], [152.73656, 0.015], [203.64875, 0.01]], [[1.31871, 0.975], [1.97806, 0.015], [2.63742, 0.01]]]

T=[[[2, 0.01], [3, 0.015], [4, 0.975]], [[5, 0.01], [8, 0.015], [10, 0.975]], [[10, 0.01], [15, 0.015], [20, 0.975]], [[10, 0.01], [15, 0.015], [20, 0.975]], [[10, 0.01], [15, 0.015], [20, 0.975]], [[50, 0.01], [75, 0.015], [100, 0.975]], [[200, 0.01], [300, 0.015], [400, 0.975]], [[200, 0.01], [300, 0.015], [400, 0.975]], [[500, 0.01], [750, 0.015], [1000, 0.975]], [[1000, 0.01], [1500, 0.015], [2000, 0.975]]]
C=[[[0.01453, 0.975], [0.02179, 0.015], [0.02906, 0.01]], [[0.68596, 0.975], [1.02895, 0.015], [1.37193, 0.01]], [[0.21744, 0.975], [0.32617, 0.015], [0.43489, 0.01]], [[0.79296, 0.975], [1.18944, 0.015], [1.58593, 0.01]], [[3.04403, 0.975], [4.56604, 0.015], [6.08806, 0.01]], [[0.91086, 0.975], [1.3663, 0.015], [1.82173, 0.01]], [[9.50264, 0.975], [14.25396, 0.015], [19.00528, 0.01]], [[10.54504, 0.975], [15.81756, 0.015], [21.09008, 0.01]], [[16.0209, 0.975], [24.03135, 0.015], [32.04179, 0.01]], [[49.60236, 0.975], [74.40354, 0.015], [99.20472, 0.01]]]

T=[[[1, 0.01], [2, 0.99]], [[1, 0.01], [2, 0.99]], [[1, 0.01], [2, 0.99]], [[2, 0.01], [3, 0.015], [4, 0.975]], [[20, 0.01], [30, 0.015], [40, 0.975]], [[50, 0.01], [75, 0.015], [100, 0.975]], [[50, 0.01], [75, 0.015], [100, 0.975]], [[500, 0.01], [750, 0.015], [1000, 0.975]], [[500, 0.01], [750, 0.015], [1000, 0.975]], [[1000, 0.01], [1500, 0.015], [2000, 0.975]]]
C=[[[0.19402, 0.975], [0.29103, 0.015], [0.38804, 0.01]], [[0.19992, 0.975], [0.29988, 0.015], [0.39984, 0.01]], [[0.00052, 0.975], [0.00078, 0.015], [0.00104, 0.01]], [[0.02459, 0.975], [0.03688, 0.015], [0.04918, 0.01]], [[1.78657, 0.975], [2.67985, 0.015], [3.57313, 0.01]], [[3.95324, 0.975], [5.92986, 0.015], [7.90648, 0.01]], [[0.87226, 0.975], [1.30839, 0.015], [1.74451, 0.01]], [[11.25716, 0.975], [16.88574, 0.015], [22.51432, 0.01]], [[63.43242, 0.975], [95.14863, 0.015], [126.86485, 0.01]], [[8.03172, 0.975], [12.04758, 0.015], [16.06344, 0.01]]]

T=[[[2, 0.01], [3, 0.015], [4, 0.975]], [[10, 0.01], [15, 0.015], [20, 0.975]], [[20, 0.01], [30, 0.015], [40, 0.975]], [[20, 0.01], [30, 0.015], [40, 0.975]], [[50, 0.01], [75, 0.015], [100, 0.975]], [[100, 0.01], [150, 0.015], [200, 0.975]], [[100, 0.01], [150, 0.015], [200, 0.975]], [[100, 0.01], [150, 0.015], [200, 0.975]], [[1000, 0.01], [1500, 0.015], [2000, 0.975]], [[1000, 0.01], [1500, 0.015], [2000, 0.975]]]
C=[[[0.12412, 0.975], [0.18618, 0.015], [0.24825, 0.01]], [[1.08174, 0.975], [1.6226, 0.015], [2.16347, 0.01]], [[1.78673, 0.975], [2.68009, 0.015], [3.57346, 0.01]], [[0.26197, 0.975], [0.39295, 0.015], [0.52393, 0.01]], [[1.61612, 0.975], [2.42418, 0.015], [3.23224, 0.01]], [[11.61238, 0.975], [17.41857, 0.015], [23.22476, 0.01]], [[10.62608, 0.975], [15.93912, 0.015], [21.25216, 0.01]], [[10.91551, 0.975], [16.37327, 0.015], [21.83103, 0.01]], [[2.29838, 0.975], [3.44757, 0.015], [4.59676, 0.01]], [[111.1697, 0.975], [166.75456, 0.015], [222.33941, 0.01]]]

T=[[[1, 0.01], [2, 0.99]], [[1, 0.01], [2, 0.99]], [[1, 0.01], [2, 0.99]], [[1, 0.01], [2, 0.99]], [[10, 0.01], [15, 0.015], [20, 0.975]], [[50, 0.01], [75, 0.015], [100, 0.975]], [[100, 0.01], [150, 0.015], [200, 0.975]], [[100, 0.01], [150, 0.015], [200, 0.975]], [[200, 0.01], [300, 0.015], [400, 0.975]], [[500, 0.01], [750, 0.015], [1000, 0.975]]]
C=[[[0.13536, 0.975], [0.20304, 0.015], [0.27073, 0.01]], [[0.19517, 0.975], [0.29276, 0.015], [0.39035, 0.01]], [[0.02583, 0.975], [0.03874, 0.015], [0.05166, 0.01]], [[0.05982, 0.975], [0.08973, 0.015], [0.11963, 0.01]], [[0.14503, 0.975], [0.21754, 0.015], [0.29005, 0.01]], [[0.15794, 0.975], [0.23691, 0.015], [0.31589, 0.01]], [[12.60996, 0.975], [18.91494, 0.015], [25.21992, 0.01]], [[0.49026, 0.975], [0.73539, 0.015], [0.98052, 0.01]], [[8.9064, 0.975], [13.35961, 0.015], [17.81281, 0.01]], [[70.30983, 0.975], [105.46474, 0.015], [140.61966, 0.01]]]

T=[[[1, 0.01], [2, 0.99]], [[1, 0.01], [2, 0.99]], [[2, 0.01], [3, 0.015], [4, 0.975]], [[2, 0.01], [3, 0.015], [4, 0.975]], [[2, 0.01], [3, 0.015], [4, 0.975]], [[2, 0.01], [3, 0.015], [4, 0.975]], [[5, 0.01], [8, 0.015], [10, 0.975]], [[20, 0.01], [30, 0.015], [40, 0.975]], [[500, 0.01], [750, 0.015], [1000, 0.975]], [[1000, 0.01], [1500, 0.015], [2000, 0.975]]]
C=[[[0.12384, 0.975], [0.18577, 0.015], [0.24769, 0.01]], [[0.02561, 0.975], [0.03842, 0.015], [0.05123, 0.01]], [[0.01885, 0.975], [0.02827, 0.015], [0.0377, 0.01]], [[0.29882, 0.975], [0.44823, 0.015], [0.59763, 0.01]], [[0.32762, 0.975], [0.49143, 0.015], [0.65524, 0.01]], [[0.01013, 0.975], [0.0152, 0.015], [0.02026, 0.01]], [[0.09367, 0.975], [0.1405, 0.015], [0.18733, 0.01]], [[0.14154, 0.975], [0.2123, 0.015], [0.28307, 0.01]], [[41.33729, 0.975], [62.00593, 0.015], [82.67458, 0.01]], [[164.34868, 0.975], [246.52301, 0.015], [328.69735, 0.01]]]

T=[[[1, 0.01], [2, 0.99]], [[5, 0.01], [8, 0.015], [10, 0.975]], [[10, 0.01], [15, 0.015], [20, 0.975]], [[10, 0.01], [15, 0.015], [20, 0.975]], [[20, 0.01], [30, 0.015], [40, 0.975]], [[20, 0.01], [30, 0.015], [40, 0.975]], [[50, 0.01], [75, 0.015], [100, 0.975]], [[50, 0.01], [75, 0.015], [100, 0.975]], [[500, 0.01], [750, 0.015], [1000, 0.975]], [[1000, 0.01], [1500, 0.015], [2000, 0.975]]]
C=[[[0.02785, 0.975], [0.04178, 0.015], [0.0557, 0.01]], [[0.56227, 0.975], [0.8434, 0.015], [1.12453, 0.01]], [[0.62819, 0.975], [0.94228, 0.015], [1.25637, 0.01]], [[0.10047, 0.975], [0.1507, 0.015], [0.20093, 0.01]], [[0.74186, 0.975], [1.11278, 0.015], [1.48371, 0.01]], [[0.72678, 0.975], [1.09017, 0.015], [1.45356, 0.01]], [[1.83999, 0.975], [2.75999, 0.015], [3.67998, 0.01]], [[3.02476, 0.975], [4.53714, 0.015], [6.04952, 0.01]], [[73.75741, 0.975], [110.63611, 0.015], [147.51481, 0.01]], [[218.58868, 0.975], [327.88302, 0.015], [437.17737, 0.01]]]

T=[[[1, 0.01], [2, 0.99]], [[2, 0.01], [3, 0.015], [4, 0.975]], [[2, 0.01], [3, 0.015], [4, 0.975]], [[2, 0.01], [3, 0.015], [4, 0.975]], [[2, 0.01], [3, 0.015], [4, 0.975]], [[10, 0.01], [15, 0.015], [20, 0.975]], [[50, 0.01], [75, 0.015], [100, 0.975]], [[50, 0.01], [75, 0.015], [100, 0.975]], [[500, 0.01], [750, 0.015], [1000, 0.975]], [[1000, 0.01], [1500, 0.015], [2000, 0.975]]]
C=[[[0.07706, 0.975], [0.11558, 0.015], [0.15411, 0.01]], [[0.18159, 0.975], [0.27238, 0.015], [0.36318, 0.01]], [[0.13134, 0.975], [0.19702, 0.015], [0.26269, 0.01]], [[0.07389, 0.975], [0.11083, 0.015], [0.14777, 0.01]], [[0.16326, 0.975], [0.24489, 0.015], [0.32652, 0.01]], [[1.41931, 0.975], [2.12897, 0.015], [2.83863, 0.01]], [[0.59033, 0.975], [0.8855, 0.015], [1.18066, 0.01]], [[5.99812, 0.975], [8.99718, 0.015], [11.99624, 0.01]], [[4.05789, 0.975], [6.08684, 0.015], [8.11578, 0.01]], [[116.09044, 0.975], [174.13565, 0.015], [232.18087, 0.01]]]

T=[[[2, 0.01], [3, 0.015], [4, 0.975]], [[2, 0.01], [3, 0.015], [4, 0.975]], [[2, 0.01], [3, 0.015], [4, 0.975]], [[5, 0.01], [8, 0.015], [10, 0.975]], [[5, 0.01], [8, 0.015], [10, 0.975]], [[10, 0.01], [15, 0.015], [20, 0.975]], [[50, 0.01], [75, 0.015], [100, 0.975]], [[1000, 0.01], [1500, 0.015], [2000, 0.975]], [[1000, 0.01], [1500, 0.015], [2000, 0.975]], [[1000, 0.01], [1500, 0.015], [2000, 0.975]]]
C=[[[0.20723, 0.975], [0.31084, 0.015], [0.41445, 0.01]], [[0.03324, 0.975], [0.04986, 0.015], [0.06648, 0.01]], [[0.04651, 0.975], [0.06976, 0.015], [0.09302, 0.01]], [[0.04559, 0.975], [0.06839, 0.015], [0.09118, 0.01]], [[0.03755, 0.975], [0.05633, 0.015], [0.0751, 0.01]], [[3.38719, 0.975], [5.08078, 0.015], [6.77438, 0.01]], [[0.58956, 0.975], [0.88435, 0.015], [1.17913, 0.01]], [[32.94383, 0.975], [49.41575, 0.015], [65.88767, 0.01]], [[147.36276, 0.975], [221.04414, 0.015], [294.72552, 0.01]], [[59.06643, 0.975], [88.59964, 0.015], [118.13285, 0.01]]]

T=[[[1, 0.01], [2, 0.99]], [[2, 0.01], [3, 0.015], [4, 0.975]], [[5, 0.01], [8, 0.015], [10, 0.975]], [[10, 0.01], [15, 0.015], [20, 0.975]], [[20, 0.01], [30, 0.015], [40, 0.975]], [[20, 0.01], [30, 0.015], [40, 0.975]], [[20, 0.01], [30, 0.015], [40, 0.975]], [[200, 0.01], [300, 0.015], [400, 0.975]], [[200, 0.01], [300, 0.015], [400, 0.975]], [[500, 0.01], [750, 0.015], [1000, 0.975]]]
C=[[[0.03722, 0.975], [0.05583, 0.015], [0.07445, 0.01]], [[0.01243, 0.975], [0.01864, 0.015], [0.02486, 0.01]], [[0.41618, 0.975], [0.62426, 0.015], [0.83235, 0.01]], [[0.6747, 0.975], [1.01205, 0.015], [1.3494, 0.01]], [[4.26484, 0.975], [6.39726, 0.015], [8.52968, 0.01]], [[0.33735, 0.975], [0.50602, 0.015], [0.67469, 0.01]], [[2.06505, 0.975], [3.09758, 0.015], [4.13011, 0.01]], [[4.39546, 0.975], [6.59319, 0.015], [8.79092, 0.01]], [[10.18929, 0.975], [15.28394, 0.015], [20.37859, 0.01]], [[74.78587, 0.975], [112.1788, 0.015], [149.57173, 0.01]]]

T=[[[5, 0.01], [8, 0.015], [10, 0.975]], [[10, 0.01], [15, 0.015], [20, 0.975]], [[20, 0.01], [30, 0.015], [40, 0.975]], [[20, 0.01], [30, 0.015], [40, 0.975]], [[20, 0.01], [30, 0.015], [40, 0.975]], [[20, 0.01], [30, 0.015], [40, 0.975]], [[200, 0.01], [300, 0.015], [400, 0.975]], [[500, 0.01], [750, 0.015], [1000, 0.975]], [[1000, 0.01], [1500, 0.015], [2000, 0.975]], [[1000, 0.01], [1500, 0.015], [2000, 0.975]]]
C=[[[0.0798, 0.975], [0.11971, 0.015], [0.15961, 0.01]], [[0.64636, 0.975], [0.96954, 0.015], [1.29272, 0.01]], [[0.48882, 0.975], [0.73323, 0.015], [0.97764, 0.01]], [[1.20294, 0.975], [1.8044, 0.015], [2.40587, 0.01]], [[2.48883, 0.975], [3.73325, 0.015], [4.97767, 0.01]], [[2.67146, 0.975], [4.00719, 0.015], [5.34292, 0.01]], [[25.52225, 0.975], [38.28338, 0.015], [51.0445, 0.01]], [[84.47549, 0.975], [126.71324, 0.015], [168.95099, 0.01]], [[5.51365, 0.975], [8.27048, 0.015], [11.02731, 0.01]], [[24.72449, 0.975], [37.08674, 0.015], [49.44898, 0.01]]]

T=[[[1, 0.01], [2, 0.99]], [[1, 0.01], [2, 0.99]], [[10, 0.01], [15, 0.015], [20, 0.975]], [[10, 0.01], [15, 0.015], [20, 0.975]], [[10, 0.01], [15, 0.015], [20, 0.975]], [[50, 0.01], [75, 0.015], [100, 0.975]], [[100, 0.01], [150, 0.015], [200, 0.975]], [[100, 0.01], [150, 0.015], [200, 0.975]], [[1000, 0.01], [1500, 0.015], [2000, 0.975]], [[1000, 0.01], [1500, 0.015], [2000, 0.975]]]
C=[[[0.01258, 0.975], [0.01888, 0.015], [0.02517, 0.01]], [[0.02339, 0.975], [0.03508, 0.015], [0.04678, 0.01]], [[1.65649, 0.975], [2.48473, 0.015], [3.31298, 0.01]], [[0.47136, 0.975], [0.70704, 0.015], [0.94272, 0.01]], [[1.13136, 0.975], [1.69703, 0.015], [2.26271, 0.01]], [[1.28469, 0.975], [1.92704, 0.015], [2.56939, 0.01]], [[3.67858, 0.975], [5.51786, 0.015], [7.35715, 0.01]], [[21.29303, 0.975], [31.93955, 0.015], [42.58606, 0.01]], [[76.14224, 0.975], [114.21336, 0.015], [152.28448, 0.01]], [[36.55595, 0.975], [54.83392, 0.015], [73.1119, 0.01]]]

T=[[[2, 0.01], [3, 0.015], [4, 0.975]], [[2, 0.01], [3, 0.015], [4, 0.975]], [[5, 0.01], [8, 0.015], [10, 0.975]], [[10, 0.01], [15, 0.015], [20, 0.975]], [[10, 0.01], [15, 0.015], [20, 0.975]], [[20, 0.01], [30, 0.015], [40, 0.975]], [[20, 0.01], [30, 0.015], [40, 0.975]], [[20, 0.01], [30, 0.015], [40, 0.975]], [[100, 0.01], [150, 0.015], [200, 0.975]], [[1000, 0.01], [1500, 0.015], [2000, 0.975]]]
C=[[[0.55116, 0.975], [0.82674, 0.015], [1.10231, 0.01]], [[0.43238, 0.975], [0.64858, 0.015], [0.86477, 0.01]], [[0.25411, 0.975], [0.38117, 0.015], [0.50822, 0.01]], [[0.18747, 0.975], [0.2812, 0.015], [0.37494, 0.01]], [[0.08442, 0.975], [0.12663, 0.015], [0.16885, 0.01]], [[1.31451, 0.975], [1.97177, 0.015], [2.62902, 0.01]], [[0.05215, 0.975], [0.07822, 0.015], [0.1043, 0.01]], [[1.58215, 0.975], [2.37322, 0.015], [3.16429, 0.01]], [[1.39851, 0.975], [2.09777, 0.015], [2.79702, 0.01]], [[18.79265, 0.975], [28.18898, 0.015], [37.58531, 0.01]]]

T=[[[1, 0.01], [2, 0.99]], [[2, 0.01], [3, 0.015], [4, 0.975]], [[2, 0.01], [3, 0.015], [4, 0.975]], [[5, 0.01], [8, 0.015], [10, 0.975]], [[10, 0.01], [15, 0.015], [20, 0.975]], [[10, 0.01], [15, 0.015], [20, 0.975]], [[10, 0.01], [15, 0.015], [20, 0.975]], [[50, 0.01], [75, 0.015], [100, 0.975]], [[50, 0.01], [75, 0.015], [100, 0.975]], [[100, 0.01], [150, 0.015], [200, 0.975]]]
C=[[[0.01373, 0.975], [0.0206, 0.015], [0.02746, 0.01]], [[0.02747, 0.975], [0.0412, 0.015], [0.05494, 0.01]], [[0.49792, 0.975], [0.74688, 0.015], [0.99583, 0.01]], [[0.19482, 0.975], [0.29223, 0.015], [0.38965, 0.01]], [[2.10041, 0.975], [3.15062, 0.015], [4.20083, 0.01]], [[0.25431, 0.975], [0.38147, 0.015], [0.50862, 0.01]], [[0.0177, 0.975], [0.02655, 0.015], [0.03539, 0.01]], [[5.21841, 0.975], [7.82761, 0.015], [10.43682, 0.01]], [[0.52733, 0.975], [0.791, 0.015], [1.05466, 0.01]], [[8.24535, 0.975], [12.36802, 0.015], [16.49069, 0.01]]]

T=[[[1, 0.01], [2, 0.99]], [[2, 0.01], [3, 0.015], [4, 0.975]], [[2, 0.01], [3, 0.015], [4, 0.975]], [[10, 0.01], [15, 0.015], [20, 0.975]], [[10, 0.01], [15, 0.015], [20, 0.975]], [[100, 0.01], [150, 0.015], [200, 0.975]], [[100, 0.01], [150, 0.015], [200, 0.975]], [[100, 0.01], [150, 0.015], [200, 0.975]], [[500, 0.01], [750, 0.015], [1000, 0.975]], [[1000, 0.01], [1500, 0.015], [2000, 0.975]]]
C=[[[0.13836, 0.975], [0.20754, 0.015], [0.27672, 0.01]], [[0.27841, 0.975], [0.41762, 0.015], [0.55682, 0.01]], [[0.00748, 0.975], [0.01121, 0.015], [0.01495, 0.01]], [[2.59282, 0.975], [3.88923, 0.015], [5.18564, 0.01]], [[0.01027, 0.975], [0.0154, 0.015], [0.02054, 0.01]], [[2.72806, 0.975], [4.09209, 0.015], [5.45613, 0.01]], [[12.78587, 0.975], [19.1788, 0.015], [25.57173, 0.01]], [[3.00843, 0.975], [4.51265, 0.015], [6.01687, 0.01]], [[1.69608, 0.975], [2.54412, 0.015], [3.39216, 0.01]], [[19.77195, 0.975], [29.65793, 0.015], [39.54391, 0.01]]]

T=[[[2, 0.01], [3, 0.015], [4, 0.975]], [[2, 0.01], [3, 0.015], [4, 0.975]], [[2, 0.01], [3, 0.015], [4, 0.975]], [[5, 0.01], [8, 0.015], [10, 0.975]], [[5, 0.01], [8, 0.015], [10, 0.975]], [[5, 0.01], [8, 0.015], [10, 0.975]], [[200, 0.01], [300, 0.015], [400, 0.975]], [[1000, 0.01], [1500, 0.015], [2000, 0.975]], [[1000, 0.01], [1500, 0.015], [2000, 0.975]], [[1000, 0.01], [1500, 0.015], [2000, 0.975]]]
C=[[[0.04713, 0.975], [0.07069, 0.015], [0.09426, 0.01]], [[0.06619, 0.975], [0.09928, 0.015], [0.13237, 0.01]], [[0.26206, 0.975], [0.39309, 0.015], [0.52412, 0.01]], [[0.02182, 0.975], [0.03274, 0.015], [0.04365, 0.01]], [[0.12065, 0.975], [0.18097, 0.015], [0.2413, 0.01]], [[0.48614, 0.975], [0.72921, 0.015], [0.97228, 0.01]], [[4.65623, 0.975], [6.98434, 0.015], [9.31246, 0.01]], [[16.22969, 0.975], [24.34453, 0.015], [32.45938, 0.01]], [[62.35002, 0.975], [93.52502, 0.015], [124.70003, 0.01]], [[334.73012, 0.975], [502.09519, 0.015], [669.46025, 0.01]]]

T=[[[2, 0.01], [3, 0.015], [4, 0.975]], [[5, 0.01], [8, 0.015], [10, 0.975]], [[5, 0.01], [8, 0.015], [10, 0.975]], [[10, 0.01], [15, 0.015], [20, 0.975]], [[50, 0.01], [75, 0.015], [100, 0.975]], [[50, 0.01], [75, 0.015], [100, 0.975]], [[50, 0.01], [75, 0.015], [100, 0.975]], [[200, 0.01], [300, 0.015], [400, 0.975]], [[1000, 0.01], [1500, 0.015], [2000, 0.975]], [[1000, 0.01], [1500, 0.015], [2000, 0.975]]]
C=[[[0.25184, 0.975], [0.37777, 0.015], [0.50369, 0.01]], [[1.04876, 0.975], [1.57314, 0.015], [2.09752, 0.01]], [[0.01784, 0.975], [0.02676, 0.015], [0.03568, 0.01]], [[0.14018, 0.975], [0.21026, 0.015], [0.28035, 0.01]], [[3.39754, 0.975], [5.0963, 0.015], [6.79507, 0.01]], [[4.6963, 0.975], [7.04445, 0.015], [9.3926, 0.01]], [[6.56105, 0.975], [9.84158, 0.015], [13.12211, 0.01]], [[1.82803, 0.975], [2.74204, 0.015], [3.65605, 0.01]], [[50.95286, 0.975], [76.42929, 0.015], [101.90572, 0.01]], [[43.54982, 0.975], [65.32472, 0.015], [87.09963, 0.01]]]

T=[[[1, 0.01], [2, 0.99]], [[1, 0.01], [2, 0.99]], [[1, 0.01], [2, 0.99]], [[1, 0.01], [2, 0.99]], [[2, 0.01], [3, 0.015], [4, 0.975]], [[10, 0.01], [15, 0.015], [20, 0.975]], [[10, 0.01], [15, 0.015], [20, 0.975]], [[50, 0.01], [75, 0.015], [100, 0.975]], [[100, 0.01], [150, 0.015], [200, 0.975]], [[1000, 0.01], [1500, 0.015], [2000, 0.975]]]
C=[[[0.07288, 0.975], [0.10931, 0.015], [0.14575, 0.01]], [[0.05567, 0.975], [0.08351, 0.015], [0.11135, 0.01]], [[0.1564, 0.975], [0.2346, 0.015], [0.3128, 0.01]], [[0.00025, 0.975], [0.00038, 0.015], [0.0005, 0.01]], [[0.20937, 0.975], [0.31405, 0.015], [0.41873, 0.01]], [[0.17524, 0.975], [0.26286, 0.015], [0.35047, 0.01]], [[0.40963, 0.975], [0.61445, 0.015], [0.81927, 0.01]], [[1.63504, 0.975], [2.45256, 0.015], [3.27008, 0.01]], [[7.50828, 0.975], [11.26242, 0.015], [15.01656, 0.01]], [[193.84383, 0.975], [290.76575, 0.015], [387.68766, 0.01]]]

T=[[[1, 0.01], [2, 0.99]], [[5, 0.01], [8, 0.015], [10, 0.975]], [[5, 0.01], [8, 0.015], [10, 0.975]], [[10, 0.01], [15, 0.015], [20, 0.975]], [[20, 0.01], [30, 0.015], [40, 0.975]], [[20, 0.01], [30, 0.015], [40, 0.975]], [[20, 0.01], [30, 0.015], [40, 0.975]], [[20, 0.01], [30, 0.015], [40, 0.975]], [[50, 0.01], [75, 0.015], [100, 0.975]], [[100, 0.01], [150, 0.015], [200, 0.975]]]
C=[[[0.01406, 0.975], [0.02108, 0.015], [0.02811, 0.01]], [[0.06126, 0.975], [0.09189, 0.015], [0.12252, 0.01]], [[0.42928, 0.975], [0.64392, 0.015], [0.85857, 0.01]], [[0.14362, 0.975], [0.21543, 0.015], [0.28724, 0.01]], [[0.03811, 0.975], [0.05717, 0.015], [0.07622, 0.01]], [[2.70458, 0.975], [4.05687, 0.015], [5.40916, 0.01]], [[0.96303, 0.975], [1.44455, 0.015], [1.92607, 0.01]], [[5.44278, 0.975], [8.16416, 0.015], [10.88555, 0.01]], [[7.01739, 0.975], [10.52608, 0.015], [14.03477, 0.01]], [[2.5701, 0.975], [3.85514, 0.015], [5.14019, 0.01]]]

