T=[[[5, 0.01], [8, 0.015], [10, 0.975]], [[10, 0.01], [15, 0.015], [20, 0.975]], [[10, 0.01], [15, 0.015], [20, 0.975]], [[20, 0.01], [30, 0.015], [40, 0.975]], [[50, 0.01], [75, 0.015], [100, 0.975]], [[500, 0.01], [750, 0.015], [1000, 0.975]], [[500, 0.01], [750, 0.015], [1000, 0.975]], [[1000, 0.01], [1500, 0.015], [2000, 0.975]], [[1000, 0.01], [1500, 0.015], [2000, 0.975]], [[1000, 0.01], [1500, 0.015], [2000, 0.975]]]
C=[[[0.10435, 0.975], [0.15652, 0.015], [0.2087, 0.01]], [[0.17636, 0.975], [0.26453, 0.015], [0.35271, 0.01]], [[1.32691, 0.975], [1.99037, 0.015], [2.65382, 0.01]], [[1.46782, 0.975], [2.20173, 0.015], [2.93564, 0.01]], [[1.03972, 0.975], [1.55958, 0.015], [2.07944, 0.01]], [[96.45993, 0.975], [144.68989, 0.015], [192.91986, 0.01]], [[0.11547, 0.975], [0.17321, 0.015], [0.23095, 0.01]], [[49.73194, 0.975], [74.59791, 0.015], [99.46388, 0.01]], [[3.02633, 0.975], [4.5395, 0.015], [6.05266, 0.01]], [[188.70867, 0.975], [283.063, 0.015], [377.41733, 0.01]]]

T=[[[1, 0.01], [2, 0.99]], [[2, 0.01], [3, 0.015], [4, 0.975]], [[2, 0.01], [3, 0.015], [4, 0.975]], [[5, 0.01], [8, 0.015], [10, 0.975]], [[20, 0.01], [30, 0.015], [40, 0.975]], [[20, 0.01], [30, 0.015], [40, 0.975]], [[20, 0.01], [30, 0.015], [40, 0.975]], [[50, 0.01], [75, 0.015], [100, 0.975]], [[200, 0.01], [300, 0.015], [400, 0.975]], [[500, 0.01], [750, 0.015], [1000, 0.975]]]
C=[[[0.0017, 0.975], [0.00255, 0.015], [0.00341, 0.01]], [[0.1823, 0.975], [0.27345, 0.015], [0.3646, 0.01]], [[0.23452, 0.975], [0.35177, 0.015], [0.46903, 0.01]], [[0.4065, 0.975], [0.60975, 0.015], [0.813, 0.01]], [[2.07078, 0.975], [3.10617, 0.015], [4.14155, 0.01]], [[0.62639, 0.975], [0.93959, 0.015], [1.25278, 0.01]], [[0.31151, 0.975], [0.46726, 0.015], [0.62301, 0.01]], [[4.46713, 0.975], [6.70069, 0.015], [8.93425, 0.01]], [[10.98492, 0.975], [16.47738, 0.015], [21.96984, 0.01]], [[56.94436, 0.975], [85.41653, 0.015], [113.88871, 0.01]]]

T=[[[1, 0.01], [2, 0.99]], [[2, 0.01], [3, 0.015], [4, 0.975]], [[5, 0.01], [8, 0.015], [10, 0.975]], [[20, 0.01], [30, 0.015], [40, 0.975]], [[50, 0.01], [75, 0.015], [100, 0.975]], [[50, 0.01], [75, 0.015], [100, 0.975]], [[100, 0.01], [150, 0.015], [200, 0.975]], [[200, 0.01], [300, 0.015], [400, 0.975]], [[500, 0.01], [750, 0.015], [1000, 0.975]], [[1000, 0.01], [1500, 0.015], [2000, 0.975]]]
C=[[[0.01287, 0.975], [0.0193, 0.015], [0.02574, 0.01]], [[0.28461, 0.975], [0.42692, 0.015], [0.56923, 0.01]], [[0.38154, 0.975], [0.5723, 0.015], [0.76307, 0.01]], [[0.50621, 0.975], [0.75931, 0.015], [1.01242, 0.01]], [[0.26597, 0.975], [0.39895, 0.015], [0.53194, 0.01]], [[4.23496, 0.975], [6.35244, 0.015], [8.46993, 0.01]], [[7.30106, 0.975], [10.95159, 0.015], [14.60212, 0.01]], [[37.42474, 0.975], [56.13711, 0.015], [74.84948, 0.01]], [[29.52945, 0.975], [44.29418, 0.015], [59.0589, 0.01]], [[33.99589, 0.975], [50.99384, 0.015], [67.99178, 0.01]]]

T=[[[1, 0.01], [2, 0.99]], [[2, 0.01], [3, 0.015], [4, 0.975]], [[10, 0.01], [15, 0.015], [20, 0.975]], [[10, 0.01], [15, 0.015], [20, 0.975]], [[50, 0.01], [75, 0.015], [100, 0.975]], [[100, 0.01], [150, 0.015], [200, 0.975]], [[100, 0.01], [150, 0.015], [200, 0.975]], [[100, 0.01], [150, 0.015], [200, 0.975]], [[200, 0.01], [300, 0.015], [400, 0.975]], [[500, 0.01], [750, 0.015], [1000, 0.975]]]
C=[[[0.07055, 0.975], [0.10583, 0.015], [0.14111, 0.01]], [[0.10637, 0.975], [0.15956, 0.015], [0.21275, 0.01]], [[1.21225, 0.975], [1.81837, 0.015], [2.4245, 0.01]], [[0.16905, 0.975], [0.25357, 0.015], [0.3381, 0.01]], [[6.45199, 0.975], [9.67799, 0.015], [12.90398, 0.01]], [[10.04452, 0.975], [15.06677, 0.015], [20.08903, 0.01]], [[5.97442, 0.975], [8.96164, 0.015], [11.94885, 0.01]], [[3.15715, 0.975], [4.73573, 0.015], [6.3143, 0.01]], [[1.7861, 0.975], [2.67915, 0.015], [3.5722, 0.01]], [[54.19932, 0.975], [81.29898, 0.015], [108.39864, 0.01]]]

T=[[[1, 0.01], [2, 0.99]], [[1, 0.01], [2, 0.99]], [[1, 0.01], [2, 0.99]], [[1, 0.01], [2, 0.99]], [[1, 0.01], [2, 0.99]], [[1, 0.01], [2, 0.99]], [[200, 0.01], [300, 0.015], [400, 0.975]], [[200, 0.01], [300, 0.015], [400, 0.975]], [[500, 0.01], [750, 0.015], [1000, 0.975]], [[500, 0.01], [750, 0.015], [1000, 0.975]]]
C=[[[0.10961, 0.975], [0.16442, 0.015], [0.21922, 0.01]], [[0.04186, 0.975], [0.06278, 0.015], [0.08371, 0.01]], [[0.01311, 0.975], [0.01967, 0.015], [0.02623, 0.01]], [[0.01001, 0.975], [0.01502, 0.015], [0.02002, 0.01]], [[0.11204, 0.975], [0.16806, 0.015], [0.22408, 0.01]], [[0.07002, 0.975], [0.10503, 0.015], [0.14004, 0.01]], [[22.06791, 0.975], [33.10187, 0.015], [44.13583, 0.01]], [[24.60571, 0.975], [36.90856, 0.015], [49.21141, 0.01]], [[11.36837, 0.975], [17.05255, 0.015], [22.73673, 0.01]], [[43.62197, 0.975], [65.43296, 0.015], [87.24395, 0.01]]]

T=[[[1, 0.01], [2, 0.99]], [[2, 0.01], [3, 0.015], [4, 0.975]], [[2, 0.01], [3, 0.015], [4, 0.975]], [[5, 0.01], [8, 0.015], [10, 0.975]], [[20, 0.01], [30, 0.015], [40, 0.975]], [[50, 0.01], [75, 0.015], [100, 0.975]], [[100, 0.01], [150, 0.015], [200, 0.975]], [[100, 0.01], [150, 0.015], [200, 0.975]], [[200, 0.01], [300, 0.015], [400, 0.975]], [[1000, 0.01], [1500, 0.015], [2000, 0.975]]]
C=[[[0.0451, 0.975], [0.06765, 0.015], [0.09021, 0.01]], [[0.28847, 0.975], [0.4327, 0.015], [0.57694, 0.01]], [[0.12047, 0.975], [0.18071, 0.015], [0.24095, 0.01]], [[0.00929, 0.975], [0.01393, 0.015], [0.01857, 0.01]], [[0.72148, 0.975], [1.08222, 0.015], [1.44296, 0.01]], [[2.97845, 0.975], [4.46768, 0.015], [5.95691, 0.01]], [[23.19644, 0.975], [34.79466, 0.015], [46.39288, 0.01]], [[4.35434, 0.975], [6.5315, 0.015], [8.70867, 0.01]], [[3.37143, 0.975], [5.05715, 0.015], [6.74287, 0.01]], [[60.55977, 0.975], [90.83965, 0.015], [121.11954, 0.01]]]

T=[[[2, 0.01], [3, 0.015], [4, 0.975]], [[2, 0.01], [3, 0.015], [4, 0.975]], [[5, 0.01], [8, 0.015], [10, 0.975]], [[10, 0.01], [15, 0.015], [20, 0.975]], [[10, 0.01], [15, 0.015], [20, 0.975]], [[50, 0.01], [75, 0.015], [100, 0.975]], [[50, 0.01], [75, 0.015], [100, 0.975]], [[100, 0.01], [150, 0.015], [200, 0.975]], [[100, 0.01], [150, 0.015], [200, 0.975]], [[500, 0.01], [750, 0.015], [1000, 0.975]]]
C=[[[0.20833, 0.975], [0.3125, 0.015], [0.41666, 0.01]], [[0.12585, 0.975], [0.18878, 0.015], [0.2517, 0.01]], [[0.41087, 0.975], [0.6163, 0.015], [0.82173, 0.01]], [[2.92112, 0.975], [4.38168, 0.015], [5.84224, 0.01]], [[0.65839, 0.975], [0.98759, 0.015], [1.31679, 0.01]], [[0.11601, 0.975], [0.17401, 0.015], [0.23202, 0.01]], [[0.66605, 0.975], [0.99907, 0.015], [1.33209, 0.01]], [[0.48347, 0.975], [0.72521, 0.015], [0.96695, 0.01]], [[6.43667, 0.975], [9.65501, 0.015], [12.87335, 0.01]], [[3.97064, 0.975], [5.95596, 0.015], [7.94128, 0.01]]]

T=[[[2, 0.01], [3, 0.015], [4, 0.975]], [[10, 0.01], [15, 0.015], [20, 0.975]], [[10, 0.01], [15, 0.015], [20, 0.975]], [[10, 0.01], [15, 0.015], [20, 0.975]], [[20, 0.01], [30, 0.015], [40, 0.975]], [[20, 0.01], [30, 0.015], [40, 0.975]], [[50, 0.01], [75, 0.015], [100, 0.975]], [[200, 0.01], [300, 0.015], [400, 0.975]], [[200, 0.01], [300, 0.015], [400, 0.975]], [[500, 0.01], [750, 0.015], [1000, 0.975]]]
C=[[[0.05307, 0.975], [0.0796, 0.015], [0.10614, 0.01]], [[0.74394, 0.975], [1.1159, 0.015], [1.48787, 0.01]], [[1.80409, 0.975], [2.70614, 0.015], [3.60819, 0.01]], [[0.98723, 0.975], [1.48084, 0.015], [1.97446, 0.01]], [[0.27162, 0.975], [0.40743, 0.015], [0.54324, 0.01]], [[1.47365, 0.975], [2.21048, 0.015], [2.9473, 0.01]], [[2.53284, 0.975], [3.79926, 0.015], [5.06568, 0.01]], [[12.83043, 0.975], [19.24565, 0.015], [25.66086, 0.01]], [[11.94401, 0.975], [17.91602, 0.015], [23.88803, 0.01]], [[29.07362, 0.975], [43.61043, 0.015], [58.14724, 0.01]]]

T=[[[2, 0.01], [3, 0.015], [4, 0.975]], [[5, 0.01], [8, 0.015], [10, 0.975]], [[10, 0.01], [15, 0.015], [20, 0.975]], [[10, 0.01], [15, 0.015], [20, 0.975]], [[20, 0.01], [30, 0.015], [40, 0.975]], [[20, 0.01], [30, 0.015], [40, 0.975]], [[100, 0.01], [150, 0.015], [200, 0.975]], [[100, 0.01], [150, 0.015], [200, 0.975]], [[100, 0.01], [150, 0.015], [200, 0.975]], [[200, 0.01], [300, 0.015], [400, 0.975]]]
C=[[[0.09968, 0.975], [0.14952, 0.015], [0.19936, 0.01]], [[1.0063, 0.975], [1.50945, 0.015], [2.0126, 0.01]], [[0.16, 0.975], [0.24, 0.015], [0.32001, 0.01]], [[0.78651, 0.975], [1.17976, 0.015], [1.57302, 0.01]], [[3.5916, 0.975], [5.3874, 0.015], [7.1832, 0.01]], [[1.73041, 0.975], [2.59561, 0.015], [3.46082, 0.01]], [[2.58638, 0.975], [3.87956, 0.015], [5.17275, 0.01]], [[0.91771, 0.975], [1.37657, 0.015], [1.83543, 0.01]], [[0.73059, 0.975], [1.09588, 0.015], [1.46118, 0.01]], [[9.16033, 0.975], [13.7405, 0.015], [18.32066, 0.01]]]

T=[[[2, 0.01], [3, 0.015], [4, 0.975]], [[2, 0.01], [3, 0.015], [4, 0.975]], [[10, 0.01], [15, 0.015], [20, 0.975]], [[10, 0.01], [15, 0.015], [20, 0.975]], [[20, 0.01], [30, 0.015], [40, 0.975]], [[200, 0.01], [300, 0.015], [400, 0.975]], [[200, 0.01], [300, 0.015], [400, 0.975]], [[500, 0.01], [750, 0.015], [1000, 0.975]], [[1000, 0.01], [1500, 0.015], [2000, 0.975]], [[1000, 0.01], [1500, 0.015], [2000, 0.975]]]
C=[[[0.35086, 0.975], [0.52629, 0.015], [0.70172, 0.01]], [[0.00723, 0.975], [0.01084, 0.015], [0.01446, 0.01]], [[1.83048, 0.975], [2.74571, 0.015], [3.66095, 0.01]], [[0.97468, 0.975], [1.46201, 0.015], [1.94935, 0.01]], [[0.22274, 0.975], [0.33411, 0.015], [0.44548, 0.01]], [[8.46213, 0.975], [12.6932, 0.015], [16.92426, 0.01]], [[18.70735, 0.975], [28.06103, 0.015], [37.41471, 0.01]], [[20.48756, 0.975], [30.73134, 0.015], [40.97512, 0.01]], [[42.64715, 0.975], [63.97073, 0.015], [85.29431, 0.01]], [[9.83304, 0.975], [14.74955, 0.015], [19.66607, 0.01]]]

T=[[[1, 0.01], [2, 0.99]], [[2, 0.01], [3, 0.015], [4, 0.975]], [[2, 0.01], [3, 0.015], [4, 0.975]], [[5, 0.01], [8, 0.015], [10, 0.975]], [[20, 0.01], [30, 0.015], [40, 0.975]], [[20, 0.01], [30, 0.015], [40, 0.975]], [[50, 0.01], [75, 0.015], [100, 0.975]], [[1000, 0.01], [1500, 0.015], [2000, 0.975]], [[1000, 0.01], [1500, 0.015], [2000, 0.975]], [[1000, 0.01], [1500, 0.015], [2000, 0.975]]]
C=[[[0.00899, 0.975], [0.01348, 0.015], [0.01797, 0.01]], [[0.01283, 0.975], [0.01925, 0.015], [0.02566, 0.01]], [[0.10319, 0.975], [0.15478, 0.015], [0.20637, 0.01]], [[0.34872, 0.975], [0.52308, 0.015], [0.69744, 0.01]], [[5.54071, 0.975], [8.31106, 0.015], [11.08142, 0.01]], [[1.07407, 0.975], [1.6111, 0.015], [2.14813, 0.01]], [[4.50392, 0.975], [6.75588, 0.015], [9.00784, 0.01]], [[46.92109, 0.975], [70.38164, 0.015], [93.84218, 0.01]], [[67.9979, 0.975], [101.99686, 0.015], [135.99581, 0.01]], [[27.52299, 0.975], [41.28448, 0.015], [55.04598, 0.01]]]

T=[[[2, 0.01], [3, 0.015], [4, 0.975]], [[2, 0.01], [3, 0.015], [4, 0.975]], [[5, 0.01], [8, 0.015], [10, 0.975]], [[5, 0.01], [8, 0.015], [10, 0.975]], [[10, 0.01], [15, 0.015], [20, 0.975]], [[10, 0.01], [15, 0.015], [20, 0.975]], [[50, 0.01], [75, 0.015], [100, 0.975]], [[200, 0.01], [300, 0.015], [400, 0.975]], [[200, 0.01], [300, 0.015], [400, 0.975]], [[500, 0.01], [750, 0.015], [1000, 0.975]]]
C=[[[0.44686, 0.975], [0.67029, 0.015], [0.89372, 0.01]], [[0.05425, 0.975], [0.08138, 0.015], [0.1085, 0.01]], [[0.03987, 0.975], [0.05981, 0.015], [0.07975, 0.01]], [[0.21018, 0.975], [0.31527, 0.015], [0.42036, 0.01]], [[0.27988, 0.975], [0.41981, 0.015], [0.55975, 0.01]], [[1.36313, 0.975], [2.0447, 0.015], [2.72627, 0.01]], [[4.28792, 0.975], [6.43188, 0.015], [8.57584, 0.01]], [[12.3842, 0.975], [18.5763, 0.015], [24.7684, 0.01]], [[16.49339, 0.975], [24.74009, 0.015], [32.98679, 0.01]], [[2.49405, 0.975], [3.74107, 0.015], [4.98809, 0.01]]]

T=[[[1, 0.01], [2, 0.99]], [[1, 0.01], [2, 0.99]], [[1, 0.01], [2, 0.99]], [[2, 0.01], [3, 0.015], [4, 0.975]], [[10, 0.01], [15, 0.015], [20, 0.975]], [[20, 0.01], [30, 0.015], [40, 0.975]], [[50, 0.01], [75, 0.015], [100, 0.975]], [[100, 0.01], [150, 0.015], [200, 0.975]], [[500, 0.01], [750, 0.015], [1000, 0.975]], [[1000, 0.01], [1500, 0.015], [2000, 0.975]]]
C=[[[0.00298, 0.975], [0.00447, 0.015], [0.00596, 0.01]], [[0.00622, 0.975], [0.00933, 0.015], [0.01244, 0.01]], [[0.0944, 0.975], [0.14159, 0.015], [0.18879, 0.01]], [[0.32821, 0.975], [0.49231, 0.015], [0.65641, 0.01]], [[0.38437, 0.975], [0.57656, 0.015], [0.76874, 0.01]], [[0.19549, 0.975], [0.29323, 0.015], [0.39098, 0.01]], [[3.9484, 0.975], [5.9226, 0.015], [7.8968, 0.01]], [[21.3998, 0.975], [32.09969, 0.015], [42.79959, 0.01]], [[36.06151, 0.975], [54.09227, 0.015], [72.12303, 0.01]], [[19.00006, 0.975], [28.50009, 0.015], [38.00012, 0.01]]]

T=[[[1, 0.01], [2, 0.99]], [[2, 0.01], [3, 0.015], [4, 0.975]], [[5, 0.01], [8, 0.015], [10, 0.975]], [[10, 0.01], [15, 0.015], [20, 0.975]], [[20, 0.01], [30, 0.015], [40, 0.975]], [[200, 0.01], [300, 0.015], [400, 0.975]], [[500, 0.01], [750, 0.015], [1000, 0.975]], [[500, 0.01], [750, 0.015], [1000, 0.975]], [[1000, 0.01], [1500, 0.015], [2000, 0.975]], [[1000, 0.01], [1500, 0.015], [2000, 0.975]]]
C=[[[0.00776, 0.975], [0.01164, 0.015], [0.01552, 0.01]], [[0.15033, 0.975], [0.2255, 0.015], [0.30066, 0.01]], [[0.24048, 0.975], [0.36072, 0.015], [0.48096, 0.01]], [[1.12064, 0.975], [1.68096, 0.015], [2.24128, 0.01]], [[0.1567, 0.975], [0.23505, 0.015], [0.31339, 0.01]], [[40.01071, 0.975], [60.01607, 0.015], [80.02142, 0.01]], [[11.06433, 0.975], [16.59649, 0.015], [22.12865, 0.01]], [[42.49981, 0.975], [63.74971, 0.015], [84.99962, 0.01]], [[121.4764, 0.975], [182.21459, 0.015], [242.95279, 0.01]], [[20.4228, 0.975], [30.63421, 0.015], [40.84561, 0.01]]]

T=[[[1, 0.01], [2, 0.99]], [[2, 0.01], [3, 0.015], [4, 0.975]], [[5, 0.01], [8, 0.015], [10, 0.975]], [[10, 0.01], [15, 0.015], [20, 0.975]], [[10, 0.01], [15, 0.015], [20, 0.975]], [[50, 0.01], [75, 0.015], [100, 0.975]], [[50, 0.01], [75, 0.015], [100, 0.975]], [[50, 0.01], [75, 0.015], [100, 0.975]], [[100, 0.01], [150, 0.015], [200, 0.975]], [[200, 0.01], [300, 0.015], [400, 0.975]]]
C=[[[0.03281, 0.975], [0.04921, 0.015], [0.06561, 0.01]], [[0.14481, 0.975], [0.21721, 0.015], [0.28961, 0.01]], [[0.93136, 0.975], [1.39705, 0.015], [1.86273, 0.01]], [[2.68521, 0.975], [4.02781, 0.015], [5.37041, 0.01]], [[0.22943, 0.975], [0.34415, 0.015], [0.45887, 0.01]], [[0.78787, 0.975], [1.18181, 0.015], [1.57575, 0.01]], [[0.34375, 0.975], [0.51562, 0.015], [0.68749, 0.01]], [[2.02574, 0.975], [3.0386, 0.015], [4.05147, 0.01]], [[2.17514, 0.975], [3.26271, 0.015], [4.35028, 0.01]], [[6.43072, 0.975], [9.64609, 0.015], [12.86145, 0.01]]]

T=[[[1, 0.01], [2, 0.99]], [[2, 0.01], [3, 0.015], [4, 0.975]], [[10, 0.01], [15, 0.015], [20, 0.975]], [[10, 0.01], [15, 0.015], [20, 0.975]], [[20, 0.01], [30, 0.015], [40, 0.975]], [[50, 0.01], [75, 0.015], [100, 0.975]], [[100, 0.01], [150, 0.015], [200, 0.975]], [[500, 0.01], [750, 0.015], [1000, 0.975]], [[500, 0.01], [750, 0.015], [1000, 0.975]], [[1000, 0.01], [1500, 0.015], [2000, 0.975]]]
C=[[[0.04812, 0.975], [0.07218, 0.015], [0.09624, 0.01]], [[0.06956, 0.975], [0.10434, 0.015], [0.13912, 0.01]], [[2.03887, 0.975], [3.05831, 0.015], [4.07775, 0.01]], [[0.03921, 0.975], [0.05881, 0.015], [0.07841, 0.01]], [[1.64086, 0.975], [2.46129, 0.015], [3.28173, 0.01]], [[5.01207, 0.975], [7.5181, 0.015], [10.02413, 0.01]], [[9.33992, 0.975], [14.00988, 0.015], [18.67983, 0.01]], [[50.88883, 0.975], [76.33325, 0.015], [101.77766, 0.01]], [[1.40658, 0.975], [2.10987, 0.015], [2.81316, 0.01]], [[29.01555, 0.975], [43.52333, 0.015], [58.03111, 0.01]]]

T=[[[5, 0.01], [8, 0.015], [10, 0.975]], [[10, 0.01], [15, 0.015], [20, 0.975]], [[10, 0.01], [15, 0.015], [20, 0.975]], [[100, 0.01], [150, 0.015], [200, 0.975]], [[100, 0.01], [150, 0.015], [200, 0.975]], [[500, 0.01], [750, 0.015], [1000, 0.975]], [[1000, 0.01], [1500, 0.015], [2000, 0.975]], [[1000, 0.01], [1500, 0.015], [2000, 0.975]], [[1000, 0.01], [1500, 0.015], [2000, 0.975]], [[1000, 0.01], [1500, 0.015], [2000, 0.975]]]
C=[[[0.41975, 0.975], [0.62963, 0.015], [0.83951, 0.01]], [[0.18691, 0.975], [0.28037, 0.015], [0.37383, 0.01]], [[0.50846, 0.975], [0.76269, 0.015], [1.01692, 0.01]], [[0.45559, 0.975], [0.68339, 0.015], [0.91118, 0.01]], [[40.31126, 0.975], [60.46689, 0.015], [80.62252, 0.01]], [[29.68514, 0.975], [44.52771, 0.015], [59.37028, 0.01]], [[15.1517, 0.975], [22.72755, 0.015], [30.3034, 0.01]], [[54.92174, 0.975], [82.38261, 0.015], [109.84348, 0.01]], [[7.59385, 0.975], [11.39077, 0.015], [15.18769, 0.01]], [[1.80575, 0.975], [2.70862, 0.015], [3.61149, 0.01]]]

T=[[[2, 0.01], [3, 0.015], [4, 0.975]], [[2, 0.01], [3, 0.015], [4, 0.975]], [[5, 0.01], [8, 0.015], [10, 0.975]], [[10, 0.01], [15, 0.015], [20, 0.975]], [[50, 0.01], [75, 0.015], [100, 0.975]], [[50, 0.01], [75, 0.015], [100, 0.975]], [[100, 0.01], [150, 0.015], [200, 0.975]], [[100, 0.01], [150, 0.015], [200, 0.975]], [[500, 0.01], [750, 0.015], [1000, 0.975]], [[500, 0.01], [750, 0.015], [1000, 0.975]]]
C=[[[0.07579, 0.975], [0.11369, 0.015], [0.15158, 0.01]], [[0.05256, 0.975], [0.07884, 0.015], [0.10512, 0.01]], [[0.09733, 0.975], [0.14599, 0.015], [0.19466, 0.01]], [[1.56358, 0.975], [2.34537, 0.015], [3.12715, 0.01]], [[7.25672, 0.975], [10.88508, 0.015], [14.51345, 0.01]], [[0.46715, 0.975], [0.70073, 0.015], [0.9343, 0.01]], [[3.87675, 0.975], [5.81513, 0.015], [7.75351, 0.01]], [[5.48639, 0.975], [8.22958, 0.015], [10.97278, 0.01]], [[34.07745, 0.975], [51.11618, 0.015], [68.15491, 0.01]], [[71.86809, 0.975], [107.80213, 0.015], [143.73618, 0.01]]]

T=[[[2, 0.01], [3, 0.015], [4, 0.975]], [[2, 0.01], [3, 0.015], [4, 0.975]], [[10, 0.01], [15, 0.015], [20, 0.975]], [[10, 0.01], [15, 0.015], [20, 0.975]], [[20, 0.01], [30, 0.015], [40, 0.975]], [[50, 0.01], [75, 0.015], [100, 0.975]], [[100, 0.01], [150, 0.015], [200, 0.975]], [[200, 0.01], [300, 0.015], [400, 0.975]], [[500, 0.01], [750, 0.015], [1000, 0.975]], [[1000, 0.01], [1500, 0.015], [2000, 0.975]]]
C=[[[0.21495, 0.975], [0.32242, 0.015], [0.4299, 0.01]], [[0.12025, 0.975], [0.18038, 0.015], [0.24051, 0.01]], [[0.43514, 0.975], [0.65271, 0.015], [0.87029, 0.01]], [[0.3722, 0.975], [0.5583, 0.015], [0.74441, 0.01]], [[0.93022, 0.975], [1.39532, 0.015], [1.86043, 0.01]], [[8.21566, 0.975], [12.32349, 0.015], [16.43132, 0.01]], [[6.15896, 0.975], [9.23844, 0.015], [12.31792, 0.01]], [[15.72409, 0.975], [23.58613, 0.015], [31.44817, 0.01]], [[44.72307, 0.975], [67.08461, 0.015], [89.44615, 0.01]], [[11.18429, 0.975], [16.77643, 0.015], [22.36858, 0.01]]]

T=[[[1, 0.01], [2, 0.99]], [[5, 0.01], [8, 0.015], [10, 0.975]], [[5, 0.01], [8, 0.015], [10, 0.975]], [[10, 0.01], [15, 0.015], [20, 0.975]], [[20, 0.01], [30, 0.015], [40, 0.975]], [[20, 0.01], [30, 0.015], [40, 0.975]], [[50, 0.01], [75, 0.015], [100, 0.975]], [[100, 0.01], [150, 0.015], [200, 0.975]], [[1000, 0.01], [1500, 0.015], [2000, 0.975]], [[1000, 0.01], [1500, 0.015], [2000, 0.975]]]
C=[[[0.01619, 0.975], [0.02429, 0.015], [0.03239, 0.01]], [[0.34011, 0.975], [0.51016, 0.015], [0.68022, 0.01]], [[0.35016, 0.975], [0.52524, 0.015], [0.70032, 0.01]], [[0.10505, 0.975], [0.15757, 0.015], [0.21009, 0.01]], [[0.9539, 0.975], [1.43085, 0.015], [1.9078, 0.01]], [[1.14034, 0.975], [1.71051, 0.015], [2.28068, 0.01]], [[15.86811, 0.975], [23.80216, 0.015], [31.73622, 0.01]], [[5.12212, 0.975], [7.68318, 0.015], [10.24424, 0.01]], [[1.45279, 0.975], [2.17919, 0.015], [2.90559, 0.01]], [[60.49814, 0.975], [90.7472, 0.015], [120.99627, 0.01]]]

T=[[[1, 0.01], [2, 0.99]], [[1, 0.01], [2, 0.99]], [[1, 0.01], [2, 0.99]], [[5, 0.01], [8, 0.015], [10, 0.975]], [[10, 0.01], [15, 0.015], [20, 0.975]], [[50, 0.01], [75, 0.015], [100, 0.975]], [[100, 0.01], [150, 0.015], [200, 0.975]], [[100, 0.01], [150, 0.015], [200, 0.975]], [[1000, 0.01], [1500, 0.015], [2000, 0.975]], [[1000, 0.01], [1500, 0.015], [2000, 0.975]]]
C=[[[0.00486, 0.975], [0.00729, 0.015], [0.00972, 0.01]], [[0.06783, 0.975], [0.10174, 0.015], [0.13565, 0.01]], [[0.01355, 0.975], [0.02033, 0.015], [0.02711, 0.01]], [[0.33244, 0.975], [0.49866, 0.015], [0.66488, 0.01]], [[0.88759, 0.975], [1.33139, 0.015], [1.77518, 0.01]], [[1.20357, 0.975], [1.80536, 0.015], [2.40714, 0.01]], [[25.41823, 0.975], [38.12735, 0.015], [50.83647, 0.01]], [[4.33104, 0.975], [6.49657, 0.015], [8.66209, 0.01]], [[128.45798, 0.975], [192.68697, 0.015], [256.91596, 0.01]], [[8.49188, 0.975], [12.73782, 0.015], [16.98376, 0.01]]]

T=[[[1, 0.01], [2, 0.99]], [[1, 0.01], [2, 0.99]], [[2, 0.01], [3, 0.015], [4, 0.975]], [[5, 0.01], [8, 0.015], [10, 0.975]], [[5, 0.01], [8, 0.015], [10, 0.975]], [[10, 0.01], [15, 0.015], [20, 0.975]], [[20, 0.01], [30, 0.015], [40, 0.975]], [[50, 0.01], [75, 0.015], [100, 0.975]], [[50, 0.01], [75, 0.015], [100, 0.975]], [[500, 0.01], [750, 0.015], [1000, 0.975]]]
C=[[[0.03114, 0.975], [0.04671, 0.015], [0.06229, 0.01]], [[0.02422, 0.975], [0.03632, 0.015], [0.04843, 0.01]], [[0.06043, 0.975], [0.09065, 0.015], [0.12086, 0.01]], [[0.18055, 0.975], [0.27082, 0.015], [0.36109, 0.01]], [[0.76758, 0.975], [1.15137, 0.015], [1.53516, 0.01]], [[0.46263, 0.975], [0.69395, 0.015], [0.92527, 0.01]], [[0.01547, 0.975], [0.0232, 0.015], [0.03093, 0.01]], [[4.3024, 0.975], [6.4536, 0.015], [8.6048, 0.01]], [[13.11497, 0.975], [19.67246, 0.015], [26.22994, 0.01]], [[14.70856, 0.975], [22.06284, 0.015], [29.41712, 0.01]]]

T=[[[1, 0.01], [2, 0.99]], [[1, 0.01], [2, 0.99]], [[2, 0.01], [3, 0.015], [4, 0.975]], [[5, 0.01], [8, 0.015], [10, 0.975]], [[10, 0.01], [15, 0.015], [20, 0.975]], [[20, 0.01], [30, 0.015], [40, 0.975]], [[20, 0.01], [30, 0.015], [40, 0.975]], [[100, 0.01], [150, 0.015], [200, 0.975]], [[100, 0.01], [150, 0.015], [200, 0.975]], [[500, 0.01], [750, 0.015], [1000, 0.975]]]
C=[[[0.15144, 0.975], [0.22716, 0.015], [0.30288, 0.01]], [[0.01205, 0.975], [0.01808, 0.015], [0.0241, 0.01]], [[0.00863, 0.975], [0.01294, 0.015], [0.01725, 0.01]], [[0.03831, 0.975], [0.05747, 0.015], [0.07663, 0.01]], [[3.12432, 0.975], [4.68648, 0.015], [6.24864, 0.01]], [[1.18512, 0.975], [1.77767, 0.015], [2.37023, 0.01]], [[0.82326, 0.975], [1.23489, 0.015], [1.64652, 0.01]], [[2.68575, 0.975], [4.02862, 0.015], [5.3715, 0.01]], [[6.80791, 0.975], [10.21187, 0.015], [13.61582, 0.01]], [[8.37363, 0.975], [12.56044, 0.015], [16.74725, 0.01]]]

T=[[[1, 0.01], [2, 0.99]], [[1, 0.01], [2, 0.99]], [[2, 0.01], [3, 0.015], [4, 0.975]], [[2, 0.01], [3, 0.015], [4, 0.975]], [[10, 0.01], [15, 0.015], [20, 0.975]], [[20, 0.01], [30, 0.015], [40, 0.975]], [[50, 0.01], [75, 0.015], [100, 0.975]], [[100, 0.01], [150, 0.015], [200, 0.975]], [[200, 0.01], [300, 0.015], [400, 0.975]], [[500, 0.01], [750, 0.015], [1000, 0.975]]]
C=[[[0.00167, 0.975], [0.0025, 0.015], [0.00334, 0.01]], [[0.00632, 0.975], [0.00948, 0.015], [0.01264, 0.01]], [[0.01055, 0.975], [0.01583, 0.015], [0.0211, 0.01]], [[0.20243, 0.975], [0.30364, 0.015], [0.40486, 0.01]], [[2.58987, 0.975], [3.88481, 0.015], [5.17975, 0.01]], [[1.72617, 0.975], [2.58926, 0.015], [3.45234, 0.01]], [[0.03993, 0.975], [0.05989, 0.015], [0.07985, 0.01]], [[10.19148, 0.975], [15.28722, 0.015], [20.38296, 0.01]], [[0.97512, 0.975], [1.46268, 0.015], [1.95024, 0.01]], [[66.31813, 0.975], [99.47719, 0.015], [132.63625, 0.01]]]

T=[[[5, 0.01], [8, 0.015], [10, 0.975]], [[10, 0.01], [15, 0.015], [20, 0.975]], [[10, 0.01], [15, 0.015], [20, 0.975]], [[10, 0.01], [15, 0.015], [20, 0.975]], [[10, 0.01], [15, 0.015], [20, 0.975]], [[200, 0.01], [300, 0.015], [400, 0.975]], [[200, 0.01], [300, 0.015], [400, 0.975]], [[500, 0.01], [750, 0.015], [1000, 0.975]], [[1000, 0.01], [1500, 0.015], [2000, 0.975]], [[1000, 0.01], [1500, 0.015], [2000, 0.975]]]
C=[[[0.16698, 0.975], [0.25047, 0.015], [0.33397, 0.01]], [[0.8287, 0.975], [1.24306, 0.015], [1.65741, 0.01]], [[0.09261, 0.975], [0.13891, 0.015], [0.18521, 0.01]], [[0.04466, 0.975], [0.06699, 0.015], [0.08932, 0.01]], [[1.09428, 0.975], [1.64142, 0.015], [2.18855, 0.01]], [[16.11173, 0.975], [24.1676, 0.015], [32.22347, 0.01]], [[26.55173, 0.975], [39.82759, 0.015], [53.10345, 0.01]], [[50.73318, 0.975], [76.09976, 0.015], [101.46635, 0.01]], [[119.51571, 0.975], [179.27357, 0.015], [239.03143, 0.01]], [[26.27942, 0.975], [39.41912, 0.015], [52.55883, 0.01]]]

T=[[[2, 0.01], [3, 0.015], [4, 0.975]], [[2, 0.01], [3, 0.015], [4, 0.975]], [[5, 0.01], [8, 0.015], [10, 0.975]], [[5, 0.01], [8, 0.015], [10, 0.975]], [[50, 0.01], [75, 0.015], [100, 0.975]], [[100, 0.01], [150, 0.015], [200, 0.975]], [[200, 0.01], [300, 0.015], [400, 0.975]], [[1000, 0.01], [1500, 0.015], [2000, 0.975]], [[1000, 0.01], [1500, 0.015], [2000, 0.975]], [[1000, 0.01], [1500, 0.015], [2000, 0.975]]]
C=[[[0.59382, 0.975], [0.89073, 0.015], [1.18764, 0.01]], [[0.08818, 0.975], [0.13227, 0.015], [0.17636, 0.01]], [[0.38439, 0.975], [0.57659, 0.015], [0.76878, 0.01]], [[0.16033, 0.975], [0.24049, 0.015], [0.32065, 0.01]], [[2.28248, 0.975], [3.42372, 0.015], [4.56496, 0.01]], [[4.29539, 0.975], [6.44308, 0.015], [8.59077, 0.01]], [[2.16695, 0.975], [3.25043, 0.015], [4.3339, 0.01]], [[48.2856, 0.975], [72.4284, 0.015], [96.5712, 0.01]], [[92.12768, 0.975], [138.19152, 0.015], [184.25535, 0.01]], [[10.20558, 0.975], [15.30837, 0.015], [20.41116, 0.01]]]

T=[[[1, 0.01], [2, 0.99]], [[1, 0.01], [2, 0.99]], [[5, 0.01], [8, 0.015], [10, 0.975]], [[10, 0.01], [15, 0.015], [20, 0.975]], [[20, 0.01], [30, 0.015], [40, 0.975]], [[100, 0.01], [150, 0.015], [200, 0.975]], [[100, 0.01], [150, 0.015], [200, 0.975]], [[200, 0.01], [300, 0.015], [400, 0.975]], [[1000, 0.01], [1500, 0.015], [2000, 0.975]], [[1000, 0.01], [1500, 0.015], [2000, 0.975]]]
C=[[[0.04618, 0.975], [0.06928, 0.015], [0.09237, 0.01]], [[0.11419, 0.975], [0.17128, 0.015], [0.22837, 0.01]], [[0.02269, 0.975], [0.03403, 0.015], [0.04538, 0.01]], [[0.00081, 0.975], [0.00121, 0.015], [0.00161, 0.01]], [[4.261, 0.975], [6.3915, 0.015], [8.522, 0.01]], [[1.60357, 0.975], [2.40535, 0.015], [3.20713, 0.01]], [[8.44448, 0.975], [12.66671, 0.015], [16.88895, 0.01]], [[8.04179, 0.975], [12.06268, 0.015], [16.08357, 0.01]], [[107.12335, 0.975], [160.68503, 0.015], [214.2467, 0.01]], [[74.14667, 0.975], [111.22001, 0.015], [148.29334, 0.01]]]

T=[[[1, 0.01], [2, 0.99]], [[2, 0.01], [3, 0.015], [4, 0.975]], [[5, 0.01], [8, 0.015], [10, 0.975]], [[20, 0.01], [30, 0.015], [40, 0.975]], [[50, 0.01], [75, 0.015], [100, 0.975]], [[100, 0.01], [150, 0.015], [200, 0.975]], [[500, 0.01], [750, 0.015], [1000, 0.975]], [[500, 0.01], [750, 0.015], [1000, 0.975]], [[500, 0.01], [750, 0.015], [1000, 0.975]], [[1000, 0.01], [1500, 0.015], [2000, 0.975]]]
C=[[[0.05706, 0.975], [0.08558, 0.015], [0.11411, 0.01]], [[0.31118, 0.975], [0.46678, 0.015], [0.62237, 0.01]], [[0.13452, 0.975], [0.20179, 0.015], [0.26905, 0.01]], [[5.53659, 0.975], [8.30488, 0.015], [11.07317, 0.01]], [[0.52549, 0.975], [0.78823, 0.015], [1.05097, 0.01]], [[1.87453, 0.975], [2.8118, 0.015], [3.74906, 0.01]], [[24.9968, 0.975], [37.4952, 0.015], [49.99359, 0.01]], [[25.69384, 0.975], [38.54076, 0.015], [51.38767, 0.01]], [[11.42485, 0.975], [17.13728, 0.015], [22.8497, 0.01]], [[30.13142, 0.975], [45.19713, 0.015], [60.26284, 0.01]]]

T=[[[1, 0.01], [2, 0.99]], [[2, 0.01], [3, 0.015], [4, 0.975]], [[5, 0.01], [8, 0.015], [10, 0.975]], [[5, 0.01], [8, 0.015], [10, 0.975]], [[20, 0.01], [30, 0.015], [40, 0.975]], [[20, 0.01], [30, 0.015], [40, 0.975]], [[50, 0.01], [75, 0.015], [100, 0.975]], [[500, 0.01], [750, 0.015], [1000, 0.975]], [[1000, 0.01], [1500, 0.015], [2000, 0.975]], [[1000, 0.01], [1500, 0.015], [2000, 0.975]]]
C=[[[0.03966, 0.975], [0.05949, 0.015], [0.07932, 0.01]], [[0.02795, 0.975], [0.04192, 0.015], [0.0559, 0.01]], [[0.62861, 0.975], [0.94291, 0.015], [1.25722, 0.01]], [[0.69449, 0.975], [1.04174, 0.015], [1.38898, 0.01]], [[2.42584, 0.975], [3.63876, 0.015], [4.85168, 0.01]], [[0.03769, 0.975], [0.05653, 0.015], [0.07537, 0.01]], [[0.71247, 0.975], [1.0687, 0.015], [1.42494, 0.01]], [[77.56356, 0.975], [116.34534, 0.015], [155.12712, 0.01]], [[71.49559, 0.975], [107.24339, 0.015], [142.99119, 0.01]], [[17.69608, 0.975], [26.54412, 0.015], [35.39216, 0.01]]]

T=[[[1, 0.01], [2, 0.99]], [[1, 0.01], [2, 0.99]], [[2, 0.01], [3, 0.015], [4, 0.975]], [[20, 0.01], [30, 0.015], [40, 0.975]], [[50, 0.01], [75, 0.015], [100, 0.975]], [[200, 0.01], [300, 0.015], [400, 0.975]], [[200, 0.01], [300, 0.015], [400, 0.975]], [[500, 0.01], [750, 0.015], [1000, 0.975]], [[1000, 0.01], [1500, 0.015], [2000, 0.975]], [[1000, 0.01], [1500, 0.015], [2000, 0.975]]]
C=[[[0.08437, 0.975], [0.12656, 0.015], [0.16875, 0.01]], [[0.05266, 0.975], [0.07899, 0.015], [0.10532, 0.01]], [[0.29404, 0.975], [0.44106, 0.015], [0.58808, 0.01]], [[0.43677, 0.975], [0.65515, 0.015], [0.87354, 0.01]], [[11.68906, 0.975], [17.5336, 0.015], [23.37813, 0.01]], [[12.74232, 0.975], [19.11347, 0.015], [25.48463, 0.01]], [[8.80312, 0.975], [13.20468, 0.015], [17.60624, 0.01]], [[11.36596, 0.975], [17.04894, 0.015], [22.73192, 0.01]], [[0.12334, 0.975], [0.18502, 0.015], [0.24669, 0.01]], [[29.74466, 0.975], [44.61699, 0.015], [59.48931, 0.01]]]

T=[[[10, 0.01], [15, 0.015], [20, 0.975]], [[10, 0.01], [15, 0.015], [20, 0.975]], [[20, 0.01], [30, 0.015], [40, 0.975]], [[50, 0.01], [75, 0.015], [100, 0.975]], [[50, 0.01], [75, 0.015], [100, 0.975]], [[100, 0.01], [150, 0.015], [200, 0.975]], [[100, 0.01], [150, 0.015], [200, 0.975]], [[200, 0.01], [300, 0.015], [400, 0.975]], [[500, 0.01], [750, 0.015], [1000, 0.975]], [[1000, 0.01], [1500, 0.015], [2000, 0.975]]]
C=[[[1.55596, 0.975], [2.33393, 0.015], [3.11191, 0.01]], [[0.23371, 0.975], [0.35056, 0.015], [0.46741, 0.01]], [[0.58407, 0.975], [0.8761, 0.015], [1.16813, 0.01]], [[2.14655, 0.975], [3.21983, 0.015], [4.2931, 0.01]], [[2.48241, 0.975], [3.72362, 0.015], [4.96483, 0.01]], [[6.57409, 0.975], [9.86114, 0.015], [13.14819, 0.01]], [[3.04809, 0.975], [4.57213, 0.015], [6.09617, 0.01]], [[8.10162, 0.975], [12.15244, 0.015], [16.20325, 0.01]], [[67.49406, 0.975], [101.2411, 0.015], [134.98813, 0.01]], [[127.53311, 0.975], [191.29966, 0.015], [255.06621, 0.01]]]

T=[[[2, 0.01], [3, 0.015], [4, 0.975]], [[5, 0.01], [8, 0.015], [10, 0.975]], [[10, 0.01], [15, 0.015], [20, 0.975]], [[10, 0.01], [15, 0.015], [20, 0.975]], [[50, 0.01], [75, 0.015], [100, 0.975]], [[50, 0.01], [75, 0.015], [100, 0.975]], [[100, 0.01], [150, 0.015], [200, 0.975]], [[200, 0.01], [300, 0.015], [400, 0.975]], [[1000, 0.01], [1500, 0.015], [2000, 0.975]], [[1000, 0.01], [1500, 0.015], [2000, 0.975]]]
C=[[[0.15816, 0.975], [0.23724, 0.015], [0.31632, 0.01]], [[0.0459, 0.975], [0.06885, 0.015], [0.09179, 0.01]], [[0.71235, 0.975], [1.06853, 0.015], [1.42471, 0.01]], [[0.91089, 0.975], [1.36634, 0.015], [1.82178, 0.01]], [[5.33861, 0.975], [8.00792, 0.015], [10.67722, 0.01]], [[11.18767, 0.975], [16.78151, 0.015], [22.37535, 0.01]], [[1.34248, 0.975], [2.01372, 0.015], [2.68496, 0.01]], [[3.62616, 0.975], [5.43924, 0.015], [7.25232, 0.01]], [[1.39649, 0.975], [2.09474, 0.015], [2.79298, 0.01]], [[85.93727, 0.975], [128.90591, 0.015], [171.87455, 0.01]]]

T=[[[1, 0.01], [2, 0.99]], [[1, 0.01], [2, 0.99]], [[2, 0.01], [3, 0.015], [4, 0.975]], [[5, 0.01], [8, 0.015], [10, 0.975]], [[10, 0.01], [15, 0.015], [20, 0.975]], [[20, 0.01], [30, 0.015], [40, 0.975]], [[20, 0.01], [30, 0.015], [40, 0.975]], [[100, 0.01], [150, 0.015], [200, 0.975]], [[500, 0.01], [750, 0.015], [1000, 0.975]], [[500, 0.01], [750, 0.015], [1000, 0.975]]]
C=[[[0.02012, 0.975], [0.03017, 0.015], [0.04023, 0.01]], [[0.04994, 0.975], [0.07491, 0.015], [0.09987, 0.01]], [[0.06581, 0.975], [0.09872, 0.015], [0.13163, 0.01]], [[0.2927, 0.975], [0.43905, 0.015], [0.5854, 0.01]], [[1.96154, 0.975], [2.9423, 0.015], [3.92307, 0.01]], [[2.3777, 0.975], [3.56655, 0.015], [4.7554, 0.01]], [[2.79223, 0.975], [4.18834, 0.015], [5.58446, 0.01]], [[3.49174, 0.975], [5.23761, 0.015], [6.98348, 0.01]], [[20.14994, 0.975], [30.22491, 0.015], [40.29988, 0.01]], [[4.31631, 0.975], [6.47447, 0.015], [8.63262, 0.01]]]

T=[[[1, 0.01], [2, 0.99]], [[1, 0.01], [2, 0.99]], [[1, 0.01], [2, 0.99]], [[1, 0.01], [2, 0.99]], [[1, 0.01], [2, 0.99]], [[1, 0.01], [2, 0.99]], [[5, 0.01], [8, 0.015], [10, 0.975]], [[50, 0.01], [75, 0.015], [100, 0.975]], [[100, 0.01], [150, 0.015], [200, 0.975]], [[500, 0.01], [750, 0.015], [1000, 0.975]]]
C=[[[0.04856, 0.975], [0.07283, 0.015], [0.09711, 0.01]], [[0.05931, 0.975], [0.08896, 0.015], [0.11861, 0.01]], [[0.00659, 0.975], [0.00989, 0.015], [0.01319, 0.01]], [[0.04182, 0.975], [0.06273, 0.015], [0.08364, 0.01]], [[0.05688, 0.975], [0.08533, 0.015], [0.11377, 0.01]], [[0.07876, 0.975], [0.11814, 0.015], [0.15751, 0.01]], [[0.55626, 0.975], [0.8344, 0.015], [1.11253, 0.01]], [[0.91432, 0.975], [1.37148, 0.015], [1.82864, 0.01]], [[17.74682, 0.975], [26.62024, 0.015], [35.49365, 0.01]], [[50.53681, 0.975], [75.80521, 0.015], [101.07362, 0.01]]]

T=[[[1, 0.01], [2, 0.99]], [[1, 0.01], [2, 0.99]], [[5, 0.01], [8, 0.015], [10, 0.975]], [[10, 0.01], [15, 0.015], [20, 0.975]], [[10, 0.01], [15, 0.015], [20, 0.975]], [[10, 0.01], [15, 0.015], [20, 0.975]], [[50, 0.01], [75, 0.015], [100, 0.975]], [[200, 0.01], [300, 0.015], [400, 0.975]], [[200, 0.01], [300, 0.015], [400, 0.975]], [[1000, 0.01], [1500, 0.015], [2000, 0.975]]]
C=[[[0.00715, 0.975], [0.01072, 0.015], [0.0143, 0.01]], [[0.0718, 0.975], [0.10769, 0.015], [0.14359, 0.01]], [[0.05103, 0.975], [0.07654, 0.015], [0.10205, 0.01]], [[0.17267, 0.975], [0.25901, 0.015], [0.34534, 0.01]], [[1.86724, 0.975], [2.80086, 0.015], [3.73448, 0.01]], [[2.0676, 0.975], [3.1014, 0.015], [4.13521, 0.01]], [[4.84418, 0.975], [7.26627, 0.015], [9.68837, 0.01]], [[10.3697, 0.975], [15.55455, 0.015], [20.7394, 0.01]], [[0.00786, 0.975], [0.01179, 0.015], [0.01572, 0.01]], [[51.32757, 0.975], [76.99135, 0.015], [102.65514, 0.01]]]

T=[[[2, 0.01], [3, 0.015], [4, 0.975]], [[2, 0.01], [3, 0.015], [4, 0.975]], [[10, 0.01], [15, 0.015], [20, 0.975]], [[20, 0.01], [30, 0.015], [40, 0.975]], [[100, 0.01], [150, 0.015], [200, 0.975]], [[100, 0.01], [150, 0.015], [200, 0.975]], [[200, 0.01], [300, 0.015], [400, 0.975]], [[200, 0.01], [300, 0.015], [400, 0.975]], [[1000, 0.01], [1500, 0.015], [2000, 0.975]], [[1000, 0.01], [1500, 0.015], [2000, 0.975]]]
C=[[[0.18965, 0.975], [0.28447, 0.015], [0.3793, 0.01]], [[0.10189, 0.975], [0.15283, 0.015], [0.20377, 0.01]], [[0.35551, 0.975], [0.53326, 0.015], [0.71101, 0.01]], [[0.03043, 0.975], [0.04564, 0.015], [0.06086, 0.01]], [[7.47142, 0.975], [11.20714, 0.015], [14.94285, 0.01]], [[3.42011, 0.975], [5.13016, 0.015], [6.84021, 0.01]], [[7.92948, 0.975], [11.89422, 0.015], [15.85895, 0.01]], [[47.16358, 0.975], [70.74536, 0.015], [94.32715, 0.01]], [[48.24594, 0.975], [72.36891, 0.015], [96.49188, 0.01]], [[84.53398, 0.975], [126.80097, 0.015], [169.06796, 0.01]]]

T=[[[1, 0.01], [2, 0.99]], [[2, 0.01], [3, 0.015], [4, 0.975]], [[2, 0.01], [3, 0.015], [4, 0.975]], [[2, 0.01], [3, 0.015], [4, 0.975]], [[5, 0.01], [8, 0.015], [10, 0.975]], [[10, 0.01], [15, 0.015], [20, 0.975]], [[50, 0.01], [75, 0.015], [100, 0.975]], [[50, 0.01], [75, 0.015], [100, 0.975]], [[100, 0.01], [150, 0.015], [200, 0.975]], [[1000, 0.01], [1500, 0.015], [2000, 0.975]]]
C=[[[0.14525, 0.975], [0.21788, 0.015], [0.29051, 0.01]], [[0.05496, 0.975], [0.08243, 0.015], [0.10991, 0.01]], [[0.02565, 0.975], [0.03848, 0.015], [0.05131, 0.01]], [[0.03738, 0.975], [0.05606, 0.015], [0.07475, 0.01]], [[0.19116, 0.975], [0.28674, 0.015], [0.38232, 0.01]], [[0.44099, 0.975], [0.66149, 0.015], [0.88199, 0.01]], [[4.6417, 0.975], [6.96255, 0.015], [9.2834, 0.01]], [[7.46614, 0.975], [11.19922, 0.015], [14.93229, 0.01]], [[9.47313, 0.975], [14.2097, 0.015], [18.94627, 0.01]], [[76.53456, 0.975], [114.80184, 0.015], [153.06912, 0.01]]]

T=[[[1, 0.01], [2, 0.99]], [[5, 0.01], [8, 0.015], [10, 0.975]], [[10, 0.01], [15, 0.015], [20, 0.975]], [[10, 0.01], [15, 0.015], [20, 0.975]], [[50, 0.01], [75, 0.015], [100, 0.975]], [[50, 0.01], [75, 0.015], [100, 0.975]], [[100, 0.01], [150, 0.015], [200, 0.975]], [[100, 0.01], [150, 0.015], [200, 0.975]], [[500, 0.01], [750, 0.015], [1000, 0.975]], [[1000, 0.01], [1500, 0.015], [2000, 0.975]]]
C=[[[0.06542, 0.975], [0.09813, 0.015], [0.13084, 0.01]], [[0.53683, 0.975], [0.80524, 0.015], [1.07365, 0.01]], [[0.40841, 0.975], [0.61261, 0.015], [0.81681, 0.01]], [[0.11776, 0.975], [0.17664, 0.015], [0.23551, 0.01]], [[0.0705, 0.975], [0.10576, 0.015], [0.14101, 0.01]], [[17.91795, 0.975], [26.87692, 0.015], [35.83589, 0.01]], [[0.01949, 0.975], [0.02923, 0.015], [0.03897, 0.01]], [[10.04873, 0.975], [15.07309, 0.015], [20.09745, 0.01]], [[4.27492, 0.975], [6.41238, 0.015], [8.54984, 0.01]], [[5.59891, 0.975], [8.39836, 0.015], [11.19782, 0.01]]]

T=[[[5, 0.01], [8, 0.015], [10, 0.975]], [[20, 0.01], [30, 0.015], [40, 0.975]], [[50, 0.01], [75, 0.015], [100, 0.975]], [[100, 0.01], [150, 0.015], [200, 0.975]], [[500, 0.01], [750, 0.015], [1000, 0.975]], [[500, 0.01], [750, 0.015], [1000, 0.975]], [[500, 0.01], [750, 0.015], [1000, 0.975]], [[500, 0.01], [750, 0.015], [1000, 0.975]], [[1000, 0.01], [1500, 0.015], [2000, 0.975]], [[1000, 0.01], [1500, 0.015], [2000, 0.975]]]
C=[[[0.32929, 0.975], [0.49394, 0.015], [0.65859, 0.01]], [[2.46692, 0.975], [3.70038, 0.015], [4.93385, 0.01]], [[4.91082, 0.975], [7.36623, 0.015], [9.82164, 0.01]], [[6.86949, 0.975], [10.30424, 0.015], [13.73899, 0.01]], [[17.51992, 0.975], [26.27988, 0.015], [35.03984, 0.01]], [[1.03515, 0.975], [1.55272, 0.015], [2.0703, 0.01]], [[31.86701, 0.975], [47.80051, 0.015], [63.73402, 0.01]], [[97.31504, 0.975], [145.97256, 0.015], [194.63007, 0.01]], [[47.9095, 0.975], [71.86425, 0.015], [95.819, 0.01]], [[0.50006, 0.975], [0.7501, 0.015], [1.00013, 0.01]]]

T=[[[1, 0.01], [2, 0.99]], [[2, 0.01], [3, 0.015], [4, 0.975]], [[5, 0.01], [8, 0.015], [10, 0.975]], [[20, 0.01], [30, 0.015], [40, 0.975]], [[50, 0.01], [75, 0.015], [100, 0.975]], [[50, 0.01], [75, 0.015], [100, 0.975]], [[100, 0.01], [150, 0.015], [200, 0.975]], [[100, 0.01], [150, 0.015], [200, 0.975]], [[200, 0.01], [300, 0.015], [400, 0.975]], [[1000, 0.01], [1500, 0.015], [2000, 0.975]]]
C=[[[0.20587, 0.975], [0.3088, 0.015], [0.41173, 0.01]], [[0.27137, 0.975], [0.40705, 0.015], [0.54274, 0.01]], [[0.18986, 0.975], [0.28479, 0.015], [0.37972, 0.01]], [[1.84041, 0.975], [2.76062, 0.015], [3.68082, 0.01]], [[1.3551, 0.975], [2.03264, 0.015], [2.71019, 0.01]], [[0.17171, 0.975], [0.25756, 0.015], [0.34342, 0.01]], [[7.82203, 0.975], [11.73305, 0.015], [15.64406, 0.01]], [[8.90354, 0.975], [13.35531, 0.015], [17.80708, 0.01]], [[5.36792, 0.975], [8.05188, 0.015], [10.73584, 0.01]], [[3.82452, 0.975], [5.73678, 0.015], [7.64904, 0.01]]]

T=[[[1, 0.01], [2, 0.99]], [[1, 0.01], [2, 0.99]], [[2, 0.01], [3, 0.015], [4, 0.975]], [[5, 0.01], [8, 0.015], [10, 0.975]], [[10, 0.01], [15, 0.015], [20, 0.975]], [[20, 0.01], [30, 0.015], [40, 0.975]], [[100, 0.01], [150, 0.015], [200, 0.975]], [[200, 0.01], [300, 0.015], [400, 0.975]], [[500, 0.01], [750, 0.015], [1000, 0.975]], [[1000, 0.01], [1500, 0.015], [2000, 0.975]]]
C=[[[0.09901, 0.975], [0.14851, 0.015], [0.19802, 0.01]], [[0.05873, 0.975], [0.0881, 0.015], [0.11746, 0.01]], [[0.29795, 0.975], [0.44693, 0.015], [0.59591, 0.01]], [[0.22025, 0.975], [0.33038, 0.015], [0.44051, 0.01]], [[1.53956, 0.975], [2.30935, 0.015], [3.07913, 0.01]], [[2.19703, 0.975], [3.29554, 0.015], [4.39406, 0.01]], [[2.23219, 0.975], [3.34828, 0.015], [4.46438, 0.01]], [[3.11508, 0.975], [4.67262, 0.015], [6.23017, 0.01]], [[7.73086, 0.975], [11.59629, 0.015], [15.46173, 0.01]], [[32.06476, 0.975], [48.09713, 0.015], [64.12951, 0.01]]]

T=[[[1, 0.01], [2, 0.99]], [[5, 0.01], [8, 0.015], [10, 0.975]], [[10, 0.01], [15, 0.015], [20, 0.975]], [[20, 0.01], [30, 0.015], [40, 0.975]], [[50, 0.01], [75, 0.015], [100, 0.975]], [[50, 0.01], [75, 0.015], [100, 0.975]], [[100, 0.01], [150, 0.015], [200, 0.975]], [[100, 0.01], [150, 0.015], [200, 0.975]], [[500, 0.01], [750, 0.015], [1000, 0.975]], [[1000, 0.01], [1500, 0.015], [2000, 0.975]]]
C=[[[0.12882, 0.975], [0.19322, 0.015], [0.25763, 0.01]], [[0.11356, 0.975], [0.17034, 0.015], [0.22712, 0.01]], [[0.60975, 0.975], [0.91462, 0.015], [1.21949, 0.01]], [[0.91284, 0.975], [1.36927, 0.015], [1.82569, 0.01]], [[6.23195, 0.975], [9.34793, 0.015], [12.46391, 0.01]], [[4.68391, 0.975], [7.02586, 0.015], [9.36782, 0.01]], [[2.45355, 0.975], [3.68033, 0.015], [4.90711, 0.01]], [[0.0442, 0.975], [0.06629, 0.015], [0.08839, 0.01]], [[9.46472, 0.975], [14.19708, 0.015], [18.92944, 0.01]], [[179.63145, 0.975], [269.44717, 0.015], [359.26289, 0.01]]]

T=[[[2, 0.01], [3, 0.015], [4, 0.975]], [[2, 0.01], [3, 0.015], [4, 0.975]], [[2, 0.01], [3, 0.015], [4, 0.975]], [[20, 0.01], [30, 0.015], [40, 0.975]], [[20, 0.01], [30, 0.015], [40, 0.975]], [[50, 0.01], [75, 0.015], [100, 0.975]], [[200, 0.01], [300, 0.015], [400, 0.975]], [[200, 0.01], [300, 0.015], [400, 0.975]], [[500, 0.01], [750, 0.015], [1000, 0.975]], [[1000, 0.01], [1500, 0.015], [2000, 0.975]]]
C=[[[0.42539, 0.975], [0.63808, 0.015], [0.85077, 0.01]], [[0.25626, 0.975], [0.38438, 0.015], [0.51251, 0.01]], [[0.12941, 0.975], [0.19412, 0.015], [0.25883, 0.01]], [[1.12281, 0.975], [1.68422, 0.015], [2.24562, 0.01]], [[0.35098, 0.975], [0.52648, 0.015], [0.70197, 0.01]], [[5.44069, 0.975], [8.16103, 0.015], [10.88137, 0.01]], [[15.30247, 0.975], [22.9537, 0.015], [30.60493, 0.01]], [[0.1305, 0.975], [0.19574, 0.015], [0.26099, 0.01]], [[10.19965, 0.975], [15.29948, 0.015], [20.39931, 0.01]], [[14.40351, 0.975], [21.60527, 0.015], [28.80703, 0.01]]]

T=[[[1, 0.01], [2, 0.99]], [[1, 0.01], [2, 0.99]], [[2, 0.01], [3, 0.015], [4, 0.975]], [[5, 0.01], [8, 0.015], [10, 0.975]], [[5, 0.01], [8, 0.015], [10, 0.975]], [[10, 0.01], [15, 0.015], [20, 0.975]], [[10, 0.01], [15, 0.015], [20, 0.975]], [[50, 0.01], [75, 0.015], [100, 0.975]], [[500, 0.01], [750, 0.015], [1000, 0.975]], [[1000, 0.01], [1500, 0.015], [2000, 0.975]]]
C=[[[0.04221, 0.975], [0.06331, 0.015], [0.08442, 0.01]], [[0.02726, 0.975], [0.0409, 0.015], [0.05453, 0.01]], [[0.09695, 0.975], [0.14542, 0.015], [0.1939, 0.01]], [[0.60804, 0.975], [0.91206, 0.015], [1.21607, 0.01]], [[1.14585, 0.975], [1.71878, 0.015], [2.2917, 0.01]], [[0.44608, 0.975], [0.66912, 0.015], [0.89215, 0.01]], [[0.20164, 0.975], [0.30246, 0.015], [0.40328, 0.01]], [[1.6964, 0.975], [2.5446, 0.015], [3.39279, 0.01]], [[37.59606, 0.975], [56.39409, 0.015], [75.19212, 0.01]], [[57.38323, 0.975], [86.07484, 0.015], [114.76645, 0.01]]]

T=[[[1, 0.01], [2, 0.99]], [[5, 0.01], [8, 0.015], [10, 0.975]], [[10, 0.01], [15, 0.015], [20, 0.975]], [[20, 0.01], [30, 0.015], [40, 0.975]], [[100, 0.01], [150, 0.015], [200, 0.975]], [[200, 0.01], [300, 0.015], [400, 0.975]], [[500, 0.01], [750, 0.015], [1000, 0.975]], [[500, 0.01], [750, 0.015], [1000, 0.975]], [[1000, 0.01], [1500, 0.015], [2000, 0.975]], [[1000, 0.01], [1500, 0.015], [2000, 0.975]]]
C=[[[0.05357, 0.975], [0.08036, 0.015], [0.10714, 0.01]], [[0.0209, 0.975], [0.03134, 0.015], [0.04179, 0.01]], [[1.67854, 0.975], [2.51782, 0.015], [3.35709, 0.01]], [[0.61752, 0.975], [0.92628, 0.015], [1.23503, 0.01]], [[8.9518, 0.975], [13.4277, 0.015], [17.90359, 0.01]], [[18.25152, 0.975], [27.37728, 0.015], [36.50304, 0.01]], [[60.37649, 0.975], [90.56473, 0.015], [120.75298, 0.01]], [[47.62536, 0.975], [71.43804, 0.015], [95.25072, 0.01]], [[29.91489, 0.975], [44.87233, 0.015], [59.82978, 0.01]], [[16.82473, 0.975], [25.2371, 0.015], [33.64946, 0.01]]]

T=[[[1, 0.01], [2, 0.99]], [[5, 0.01], [8, 0.015], [10, 0.975]], [[5, 0.01], [8, 0.015], [10, 0.975]], [[10, 0.01], [15, 0.015], [20, 0.975]], [[10, 0.01], [15, 0.015], [20, 0.975]], [[20, 0.01], [30, 0.015], [40, 0.975]], [[100, 0.01], [150, 0.015], [200, 0.975]], [[100, 0.01], [150, 0.015], [200, 0.975]], [[500, 0.01], [750, 0.015], [1000, 0.975]], [[1000, 0.01], [1500, 0.015], [2000, 0.975]]]
C=[[[0.1171, 0.975], [0.17565, 0.015], [0.2342, 0.01]], [[0.06467, 0.975], [0.097, 0.015], [0.12934, 0.01]], [[0.17678, 0.975], [0.26517, 0.015], [0.35356, 0.01]], [[0.05693, 0.975], [0.0854, 0.015], [0.11387, 0.01]], [[1.54502, 0.975], [2.31753, 0.015], [3.09004, 0.01]], [[5.65391, 0.975], [8.48086, 0.015], [11.30781, 0.01]], [[7.32552, 0.975], [10.98828, 0.015], [14.65105, 0.01]], [[0.73581, 0.975], [1.10371, 0.015], [1.47161, 0.01]], [[2.28657, 0.975], [3.42986, 0.015], [4.57315, 0.01]], [[6.53501, 0.975], [9.80252, 0.015], [13.07003, 0.01]]]

T=[[[1, 0.01], [2, 0.99]], [[2, 0.01], [3, 0.015], [4, 0.975]], [[10, 0.01], [15, 0.015], [20, 0.975]], [[10, 0.01], [15, 0.015], [20, 0.975]], [[10, 0.01], [15, 0.015], [20, 0.975]], [[20, 0.01], [30, 0.015], [40, 0.975]], [[500, 0.01], [750, 0.015], [1000, 0.975]], [[500, 0.01], [750, 0.015], [1000, 0.975]], [[500, 0.01], [750, 0.015], [1000, 0.975]], [[1000, 0.01], [1500, 0.015], [2000, 0.975]]]
C=[[[0.01614, 0.975], [0.0242, 0.015], [0.03227, 0.01]], [[0.12402, 0.975], [0.18603, 0.015], [0.24804, 0.01]], [[0.27013, 0.975], [0.4052, 0.015], [0.54026, 0.01]], [[0.78643, 0.975], [1.17964, 0.015], [1.57286, 0.01]], [[1.60737, 0.975], [2.41106, 0.015], [3.21474, 0.01]], [[1.45448, 0.975], [2.18171, 0.015], [2.90895, 0.01]], [[12.63323, 0.975], [18.94984, 0.015], [25.26646, 0.01]], [[6.35182, 0.975], [9.52773, 0.015], [12.70364, 0.01]], [[42.28423, 0.975], [63.42634, 0.015], [84.56845, 0.01]], [[160.19884, 0.975], [240.29827, 0.015], [320.39769, 0.01]]]

T=[[[1, 0.01], [2, 0.99]], [[10, 0.01], [15, 0.015], [20, 0.975]], [[10, 0.01], [15, 0.015], [20, 0.975]], [[100, 0.01], [150, 0.015], [200, 0.975]], [[200, 0.01], [300, 0.015], [400, 0.975]], [[500, 0.01], [750, 0.015], [1000, 0.975]], [[500, 0.01], [750, 0.015], [1000, 0.975]], [[500, 0.01], [750, 0.015], [1000, 0.975]], [[1000, 0.01], [1500, 0.015], [2000, 0.975]], [[1000, 0.01], [1500, 0.015], [2000, 0.975]]]
C=[[[0.14234, 0.975], [0.21351, 0.015], [0.28468, 0.01]], [[1.44388, 0.975], [2.16583, 0.015], [2.88777, 0.01]], [[0.08136, 0.975], [0.12204, 0.015], [0.16272, 0.01]], [[0.30229, 0.975], [0.45343, 0.015], [0.60458, 0.01]], [[12.35176, 0.975], [18.52765, 0.015], [24.70353, 0.01]], [[38.31715, 0.975], [57.47572, 0.015], [76.6343, 0.01]], [[0.42909, 0.975], [0.64364, 0.015], [0.85819, 0.01]], [[12.85227, 0.975], [19.2784, 0.015], [25.70454, 0.01]], [[159.87879, 0.975], [239.81818, 0.015], [319.75758, 0.01]], [[77.27836, 0.975], [115.91755, 0.015], [154.55673, 0.01]]]

T=[[[5, 0.01], [8, 0.015], [10, 0.975]], [[5, 0.01], [8, 0.015], [10, 0.975]], [[10, 0.01], [15, 0.015], [20, 0.975]], [[10, 0.01], [15, 0.015], [20, 0.975]], [[100, 0.01], [150, 0.015], [200, 0.975]], [[100, 0.01], [150, 0.015], [200, 0.975]], [[100, 0.01], [150, 0.015], [200, 0.975]], [[500, 0.01], [750, 0.015], [1000, 0.975]], [[1000, 0.01], [1500, 0.015], [2000, 0.975]], [[1000, 0.01], [1500, 0.015], [2000, 0.975]]]
C=[[[0.04774, 0.975], [0.07162, 0.015], [0.09549, 0.01]], [[0.5208, 0.975], [0.78121, 0.015], [1.04161, 0.01]], [[0.43757, 0.975], [0.65635, 0.015], [0.87514, 0.01]], [[1.10664, 0.975], [1.65996, 0.015], [2.21328, 0.01]], [[1.54617, 0.975], [2.31926, 0.015], [3.09234, 0.01]], [[12.43194, 0.975], [18.64791, 0.015], [24.86388, 0.01]], [[4.5943, 0.975], [6.89145, 0.015], [9.1886, 0.01]], [[43.95565, 0.975], [65.93347, 0.015], [87.91129, 0.01]], [[7.16191, 0.975], [10.74287, 0.015], [14.32382, 0.01]], [[151.07229, 0.975], [226.60843, 0.015], [302.14458, 0.01]]]

T=[[[1, 0.01], [2, 0.99]], [[2, 0.01], [3, 0.015], [4, 0.975]], [[2, 0.01], [3, 0.015], [4, 0.975]], [[2, 0.01], [3, 0.015], [4, 0.975]], [[20, 0.01], [30, 0.015], [40, 0.975]], [[100, 0.01], [150, 0.015], [200, 0.975]], [[100, 0.01], [150, 0.015], [200, 0.975]], [[100, 0.01], [150, 0.015], [200, 0.975]], [[200, 0.01], [300, 0.015], [400, 0.975]], [[1000, 0.01], [1500, 0.015], [2000, 0.975]]]
C=[[[0.2175, 0.975], [0.32625, 0.015], [0.435, 0.01]], [[0.03236, 0.975], [0.04854, 0.015], [0.06472, 0.01]], [[0.07555, 0.975], [0.11332, 0.015], [0.15109, 0.01]], [[0.20162, 0.975], [0.30243, 0.015], [0.40324, 0.01]], [[0.06122, 0.975], [0.09182, 0.015], [0.12243, 0.01]], [[1.15995, 0.975], [1.73992, 0.015], [2.3199, 0.01]], [[11.6014, 0.975], [17.40209, 0.015], [23.20279, 0.01]], [[9.84835, 0.975], [14.77252, 0.015], [19.69669, 0.01]], [[0.9548, 0.975], [1.4322, 0.015], [1.9096, 0.01]], [[93.8036, 0.975], [140.7054, 0.015], [187.6072, 0.01]]]

