T=[[[1, 0.01], [2, 0.99]], [[5, 0.01], [8, 0.015], [10, 0.975]], [[10, 0.01], [15, 0.015], [20, 0.975]], [[100, 0.01], [150, 0.015], [200, 0.975]], [[500, 0.01], [750, 0.015], [1000, 0.975]]]
C=[[[0.0156, 0.975], [0.02339, 0.015], [0.03119, 0.01]], [[0.62712, 0.975], [0.94069, 0.015], [1.25425, 0.01]], [[5.14429, 0.975], [7.71643, 0.015], [10.28857, 0.01]], [[3.84725, 0.975], [5.77088, 0.015], [7.69451, 0.01]], [[3.03947, 0.975], [4.5592, 0.015], [6.07894, 0.01]]]

T=[[[2, 0.01], [3, 0.015], [4, 0.975]], [[20, 0.01], [30, 0.015], [40, 0.975]], [[50, 0.01], [75, 0.015], [100, 0.975]], [[50, 0.01], [75, 0.015], [100, 0.975]], [[200, 0.01], [300, 0.015], [400, 0.975]]]
C=[[[0.0807, 0.975], [0.12105, 0.015], [0.1614, 0.01]], [[3.80041, 0.975], [5.70062, 0.015], [7.60083, 0.01]], [[0.4788, 0.975], [0.7182, 0.015], [0.9576, 0.01]], [[9.35027, 0.975], [14.0254, 0.015], [18.70053, 0.01]], [[54.60934, 0.975], [81.914, 0.015], [109.21867, 0.01]]]

T=[[[1, 0.01], [2, 0.99]], [[2, 0.01], [3, 0.015], [4, 0.975]], [[10, 0.01], [15, 0.015], [20, 0.975]], [[200, 0.01], [300, 0.015], [400, 0.975]], [[200, 0.01], [300, 0.015], [400, 0.975]]]
C=[[[0.1264, 0.975], [0.1896, 0.015], [0.2528, 0.01]], [[0.08382, 0.975], [0.12573, 0.015], [0.16764, 0.01]], [[0.25999, 0.975], [0.38998, 0.015], [0.51998, 0.01]], [[88.3584, 0.975], [132.53761, 0.015], [176.71681, 0.01]], [[12.78022, 0.975], [19.17033, 0.015], [25.56043, 0.01]]]

T=[[[1, 0.01], [2, 0.99]], [[1, 0.01], [2, 0.99]], [[1, 0.01], [2, 0.99]], [[2, 0.01], [3, 0.015], [4, 0.975]], [[10, 0.01], [15, 0.015], [20, 0.975]]]
C=[[[0.23687, 0.975], [0.35531, 0.015], [0.47374, 0.01]], [[0.16585, 0.975], [0.24877, 0.015], [0.33169, 0.01]], [[0.00282, 0.975], [0.00423, 0.015], [0.00564, 0.01]], [[0.25915, 0.975], [0.38873, 0.015], [0.5183, 0.01]], [[1.64887, 0.975], [2.4733, 0.015], [3.29773, 0.01]]]

T=[[[1, 0.01], [2, 0.99]], [[10, 0.01], [15, 0.015], [20, 0.975]], [[10, 0.01], [15, 0.015], [20, 0.975]], [[50, 0.01], [75, 0.015], [100, 0.975]], [[200, 0.01], [300, 0.015], [400, 0.975]]]
C=[[[0.00869, 0.975], [0.01303, 0.015], [0.01738, 0.01]], [[3.69993, 0.975], [5.5499, 0.015], [7.39986, 0.01]], [[2.47627, 0.975], [3.7144, 0.015], [4.95253, 0.01]], [[3.59773, 0.975], [5.39659, 0.015], [7.19546, 0.01]], [[0.34718, 0.975], [0.52077, 0.015], [0.69436, 0.01]]]

T=[[[5, 0.01], [8, 0.015], [10, 0.975]], [[5, 0.01], [8, 0.015], [10, 0.975]], [[10, 0.01], [15, 0.015], [20, 0.975]], [[1000, 0.01], [1500, 0.015], [2000, 0.975]], [[1000, 0.01], [1500, 0.015], [2000, 0.975]]]
C=[[[0.04955, 0.975], [0.07433, 0.015], [0.09911, 0.01]], [[0.05645, 0.975], [0.08468, 0.015], [0.11291, 0.01]], [[3.34339, 0.975], [5.01509, 0.015], [6.68678, 0.01]], [[221.11585, 0.975], [331.67378, 0.015], [442.23171, 0.01]], [[123.34386, 0.975], [185.01579, 0.015], [246.68772, 0.01]]]

T=[[[20, 0.01], [30, 0.015], [40, 0.975]], [[20, 0.01], [30, 0.015], [40, 0.975]], [[20, 0.01], [30, 0.015], [40, 0.975]], [[50, 0.01], [75, 0.015], [100, 0.975]], [[50, 0.01], [75, 0.015], [100, 0.975]]]
C=[[[0.791, 0.975], [1.1865, 0.015], [1.582, 0.01]], [[6.32664, 0.975], [9.48996, 0.015], [12.65328, 0.01]], [[0.6893, 0.975], [1.03395, 0.015], [1.3786, 0.01]], [[7.42524, 0.975], [11.13786, 0.015], [14.85047, 0.01]], [[8.05741, 0.975], [12.08612, 0.015], [16.11482, 0.01]]]

T=[[[1, 0.01], [2, 0.99]], [[2, 0.01], [3, 0.015], [4, 0.975]], [[50, 0.01], [75, 0.015], [100, 0.975]], [[100, 0.01], [150, 0.015], [200, 0.975]], [[1000, 0.01], [1500, 0.015], [2000, 0.975]]]
C=[[[0.2132, 0.975], [0.3198, 0.015], [0.4264, 0.01]], [[0.09986, 0.975], [0.14979, 0.015], [0.19971, 0.01]], [[4.22016, 0.975], [6.33024, 0.015], [8.44031, 0.01]], [[0.08295, 0.975], [0.12442, 0.015], [0.16589, 0.01]], [[351.64076, 0.975], [527.46114, 0.015], [703.28151, 0.01]]]

T=[[[2, 0.01], [3, 0.015], [4, 0.975]], [[50, 0.01], [75, 0.015], [100, 0.975]], [[100, 0.01], [150, 0.015], [200, 0.975]], [[200, 0.01], [300, 0.015], [400, 0.975]], [[500, 0.01], [750, 0.015], [1000, 0.975]]]
C=[[[0.30499, 0.975], [0.45749, 0.015], [0.60998, 0.01]], [[4.01706, 0.975], [6.02558, 0.015], [8.03411, 0.01]], [[11.19737, 0.975], [16.79605, 0.015], [22.39473, 0.01]], [[8.9565, 0.975], [13.43476, 0.015], [17.91301, 0.01]], [[155.20382, 0.975], [232.80573, 0.015], [310.40764, 0.01]]]

T=[[[1, 0.01], [2, 0.99]], [[2, 0.01], [3, 0.015], [4, 0.975]], [[50, 0.01], [75, 0.015], [100, 0.975]], [[100, 0.01], [150, 0.015], [200, 0.975]], [[500, 0.01], [750, 0.015], [1000, 0.975]]]
C=[[[0.18507, 0.975], [0.27761, 0.015], [0.37015, 0.01]], [[0.03985, 0.975], [0.05978, 0.015], [0.07971, 0.01]], [[5.76174, 0.975], [8.64261, 0.015], [11.52348, 0.01]], [[36.79569, 0.975], [55.19354, 0.015], [73.59139, 0.01]], [[5.90319, 0.975], [8.85479, 0.015], [11.80638, 0.01]]]

T=[[[5, 0.01], [8, 0.015], [10, 0.975]], [[20, 0.01], [30, 0.015], [40, 0.975]], [[50, 0.01], [75, 0.015], [100, 0.975]], [[500, 0.01], [750, 0.015], [1000, 0.975]], [[1000, 0.01], [1500, 0.015], [2000, 0.975]]]
C=[[[1.70507, 0.975], [2.55761, 0.015], [3.41014, 0.01]], [[4.26624, 0.975], [6.39936, 0.015], [8.53248, 0.01]], [[2.42895, 0.975], [3.64342, 0.015], [4.85789, 0.01]], [[25.32991, 0.975], [37.99486, 0.015], [50.65982, 0.01]], [[46.43527, 0.975], [69.6529, 0.015], [92.87053, 0.01]]]

T=[[[1, 0.01], [2, 0.99]], [[2, 0.01], [3, 0.015], [4, 0.975]], [[20, 0.01], [30, 0.015], [40, 0.975]], [[20, 0.01], [30, 0.015], [40, 0.975]], [[500, 0.01], [750, 0.015], [1000, 0.975]]]
C=[[[0.0558, 0.975], [0.08371, 0.015], [0.11161, 0.01]], [[0.61199, 0.975], [0.91798, 0.015], [1.22398, 0.01]], [[0.14429, 0.975], [0.21644, 0.015], [0.28859, 0.01]], [[1.54484, 0.975], [2.31726, 0.015], [3.08969, 0.01]], [[126.87199, 0.975], [190.30799, 0.015], [253.74399, 0.01]]]

T=[[[1, 0.01], [2, 0.99]], [[50, 0.01], [75, 0.015], [100, 0.975]], [[500, 0.01], [750, 0.015], [1000, 0.975]], [[500, 0.01], [750, 0.015], [1000, 0.975]], [[500, 0.01], [750, 0.015], [1000, 0.975]]]
C=[[[0.21074, 0.975], [0.31612, 0.015], [0.42149, 0.01]], [[4.342, 0.975], [6.513, 0.015], [8.684, 0.01]], [[43.10614, 0.975], [64.65921, 0.015], [86.21228, 0.01]], [[148.10435, 0.975], [222.15653, 0.015], [296.2087, 0.01]], [[9.99732, 0.975], [14.99598, 0.015], [19.99465, 0.01]]]

T=[[[50, 0.01], [75, 0.015], [100, 0.975]], [[100, 0.01], [150, 0.015], [200, 0.975]], [[100, 0.01], [150, 0.015], [200, 0.975]], [[200, 0.01], [300, 0.015], [400, 0.975]], [[200, 0.01], [300, 0.015], [400, 0.975]]]
C=[[[4.76889, 0.975], [7.15333, 0.015], [9.53777, 0.01]], [[30.93371, 0.975], [46.40057, 0.015], [61.86743, 0.01]], [[8.00275, 0.975], [12.00413, 0.015], [16.0055, 0.01]], [[41.70132, 0.975], [62.55197, 0.015], [83.40263, 0.01]], [[1.35021, 0.975], [2.02531, 0.015], [2.70042, 0.01]]]

T=[[[10, 0.01], [15, 0.015], [20, 0.975]], [[20, 0.01], [30, 0.015], [40, 0.975]], [[20, 0.01], [30, 0.015], [40, 0.975]], [[50, 0.01], [75, 0.015], [100, 0.975]], [[500, 0.01], [750, 0.015], [1000, 0.975]]]
C=[[[1.78595, 0.975], [2.67893, 0.015], [3.57191, 0.01]], [[0.18594, 0.975], [0.2789, 0.015], [0.37187, 0.01]], [[0.36559, 0.975], [0.54839, 0.015], [0.73118, 0.01]], [[10.50696, 0.975], [15.76045, 0.015], [21.01393, 0.01]], [[141.84452, 0.975], [212.76678, 0.015], [283.68904, 0.01]]]

T=[[[1, 0.01], [2, 0.99]], [[2, 0.01], [3, 0.015], [4, 0.975]], [[5, 0.01], [8, 0.015], [10, 0.975]], [[200, 0.01], [300, 0.015], [400, 0.975]], [[500, 0.01], [750, 0.015], [1000, 0.975]]]
C=[[[0.07078, 0.975], [0.10617, 0.015], [0.14156, 0.01]], [[0.35143, 0.975], [0.52714, 0.015], [0.70286, 0.01]], [[0.0711, 0.975], [0.10665, 0.015], [0.1422, 0.01]], [[6.05426, 0.975], [9.08138, 0.015], [12.10851, 0.01]], [[204.50698, 0.975], [306.76047, 0.015], [409.01396, 0.01]]]

T=[[[2, 0.01], [3, 0.015], [4, 0.975]], [[10, 0.01], [15, 0.015], [20, 0.975]], [[10, 0.01], [15, 0.015], [20, 0.975]], [[200, 0.01], [300, 0.015], [400, 0.975]], [[1000, 0.01], [1500, 0.015], [2000, 0.975]]]
C=[[[0.34141, 0.975], [0.51211, 0.015], [0.68281, 0.01]], [[2.77656, 0.975], [4.16484, 0.015], [5.55312, 0.01]], [[1.13236, 0.975], [1.69854, 0.015], [2.26471, 0.01]], [[27.20067, 0.975], [40.80101, 0.015], [54.40135, 0.01]], [[2.40231, 0.975], [3.60346, 0.015], [4.80462, 0.01]]]

T=[[[5, 0.01], [8, 0.015], [10, 0.975]], [[5, 0.01], [8, 0.015], [10, 0.975]], [[10, 0.01], [15, 0.015], [20, 0.975]], [[50, 0.01], [75, 0.015], [100, 0.975]], [[1000, 0.01], [1500, 0.015], [2000, 0.975]]]
C=[[[2.18556, 0.975], [3.27834, 0.015], [4.37111, 0.01]], [[0.59497, 0.975], [0.89246, 0.015], [1.18994, 0.01]], [[0.28331, 0.975], [0.42497, 0.015], [0.56662, 0.01]], [[1.36628, 0.975], [2.04942, 0.015], [2.73256, 0.01]], [[88.23791, 0.975], [132.35687, 0.015], [176.47582, 0.01]]]

T=[[[1, 0.01], [2, 0.99]], [[50, 0.01], [75, 0.015], [100, 0.975]], [[100, 0.01], [150, 0.015], [200, 0.975]], [[100, 0.01], [150, 0.015], [200, 0.975]], [[200, 0.01], [300, 0.015], [400, 0.975]]]
C=[[[0.09315, 0.975], [0.13972, 0.015], [0.1863, 0.01]], [[1.33898, 0.975], [2.00847, 0.015], [2.67796, 0.01]], [[16.38223, 0.975], [24.57334, 0.015], [32.76445, 0.01]], [[15.26472, 0.975], [22.89708, 0.015], [30.52944, 0.01]], [[52.72036, 0.975], [79.08055, 0.015], [105.44073, 0.01]]]

T=[[[1, 0.01], [2, 0.99]], [[5, 0.01], [8, 0.015], [10, 0.975]], [[20, 0.01], [30, 0.015], [40, 0.975]], [[50, 0.01], [75, 0.015], [100, 0.975]], [[1000, 0.01], [1500, 0.015], [2000, 0.975]]]
C=[[[0.22251, 0.975], [0.33377, 0.015], [0.44502, 0.01]], [[0.30325, 0.975], [0.45488, 0.015], [0.6065, 0.01]], [[4.57212, 0.975], [6.85818, 0.015], [9.14424, 0.01]], [[8.56488, 0.975], [12.84733, 0.015], [17.12977, 0.01]], [[16.93392, 0.975], [25.40089, 0.015], [33.86785, 0.01]]]

T=[[[50, 0.01], [75, 0.015], [100, 0.975]], [[100, 0.01], [150, 0.015], [200, 0.975]], [[200, 0.01], [300, 0.015], [400, 0.975]], [[500, 0.01], [750, 0.015], [1000, 0.975]], [[1000, 0.01], [1500, 0.015], [2000, 0.975]]]
C=[[[7.99461, 0.975], [11.99191, 0.015], [15.98922, 0.01]], [[36.77327, 0.975], [55.1599, 0.015], [73.54654, 0.01]], [[4.51562, 0.975], [6.77343, 0.015], [9.03124, 0.01]], [[72.07724, 0.975], [108.11586, 0.015], [144.15448, 0.01]], [[5.64258, 0.975], [8.46387, 0.015], [11.28516, 0.01]]]

T=[[[1, 0.01], [2, 0.99]], [[2, 0.01], [3, 0.015], [4, 0.975]], [[2, 0.01], [3, 0.015], [4, 0.975]], [[1000, 0.01], [1500, 0.015], [2000, 0.975]], [[1000, 0.01], [1500, 0.015], [2000, 0.975]]]
C=[[[0.21554, 0.975], [0.32331, 0.015], [0.43107, 0.01]], [[0.07367, 0.975], [0.1105, 0.015], [0.14734, 0.01]], [[0.01296, 0.975], [0.01944, 0.015], [0.02592, 0.01]], [[180.81527, 0.975], [271.22291, 0.015], [361.63054, 0.01]], [[260.3337, 0.975], [390.50056, 0.015], [520.66741, 0.01]]]

T=[[[5, 0.01], [8, 0.015], [10, 0.975]], [[10, 0.01], [15, 0.015], [20, 0.975]], [[10, 0.01], [15, 0.015], [20, 0.975]], [[20, 0.01], [30, 0.015], [40, 0.975]], [[200, 0.01], [300, 0.015], [400, 0.975]]]
C=[[[0.04793, 0.975], [0.0719, 0.015], [0.09587, 0.01]], [[3.06653, 0.975], [4.5998, 0.015], [6.13307, 0.01]], [[1.64826, 0.975], [2.4724, 0.015], [3.29653, 0.01]], [[4.22731, 0.975], [6.34096, 0.015], [8.45462, 0.01]], [[1.51362, 0.975], [2.27043, 0.015], [3.02724, 0.01]]]

T=[[[1, 0.01], [2, 0.99]], [[5, 0.01], [8, 0.015], [10, 0.975]], [[20, 0.01], [30, 0.015], [40, 0.975]], [[20, 0.01], [30, 0.015], [40, 0.975]], [[200, 0.01], [300, 0.015], [400, 0.975]]]
C=[[[0.06587, 0.975], [0.0988, 0.015], [0.13173, 0.01]], [[0.61614, 0.975], [0.92421, 0.015], [1.23228, 0.01]], [[7.2357, 0.975], [10.85355, 0.015], [14.4714, 0.01]], [[0.54916, 0.975], [0.82374, 0.015], [1.09832, 0.01]], [[24.33276, 0.975], [36.49914, 0.015], [48.66551, 0.01]]]

T=[[[1, 0.01], [2, 0.99]], [[1, 0.01], [2, 0.99]], [[2, 0.01], [3, 0.015], [4, 0.975]], [[100, 0.01], [150, 0.015], [200, 0.975]], [[100, 0.01], [150, 0.015], [200, 0.975]]]
C=[[[0.12117, 0.975], [0.18176, 0.015], [0.24234, 0.01]], [[0.11962, 0.975], [0.17943, 0.015], [0.23924, 0.01]], [[0.64831, 0.975], [0.97246, 0.015], [1.29662, 0.01]], [[8.54059, 0.975], [12.81089, 0.015], [17.08119, 0.01]], [[4.96494, 0.975], [7.4474, 0.015], [9.92987, 0.01]]]

T=[[[5, 0.01], [8, 0.015], [10, 0.975]], [[20, 0.01], [30, 0.015], [40, 0.975]], [[200, 0.01], [300, 0.015], [400, 0.975]], [[500, 0.01], [750, 0.015], [1000, 0.975]], [[1000, 0.01], [1500, 0.015], [2000, 0.975]]]
C=[[[1.15759, 0.975], [1.73638, 0.015], [2.31518, 0.01]], [[5.03766, 0.975], [7.55649, 0.015], [10.07532, 0.01]], [[34.17511, 0.975], [51.26267, 0.015], [68.35022, 0.01]], [[3.19466, 0.975], [4.79199, 0.015], [6.38932, 0.01]], [[39.33434, 0.975], [59.00151, 0.015], [78.66868, 0.01]]]

T=[[[10, 0.01], [15, 0.015], [20, 0.975]], [[20, 0.01], [30, 0.015], [40, 0.975]], [[50, 0.01], [75, 0.015], [100, 0.975]], [[50, 0.01], [75, 0.015], [100, 0.975]], [[100, 0.01], [150, 0.015], [200, 0.975]]]
C=[[[0.49794, 0.975], [0.74692, 0.015], [0.99589, 0.01]], [[1.55093, 0.975], [2.3264, 0.015], [3.10187, 0.01]], [[6.65776, 0.975], [9.98663, 0.015], [13.31551, 0.01]], [[8.98997, 0.975], [13.48495, 0.015], [17.97994, 0.01]], [[25.97044, 0.975], [38.95566, 0.015], [51.94088, 0.01]]]

T=[[[5, 0.01], [8, 0.015], [10, 0.975]], [[10, 0.01], [15, 0.015], [20, 0.975]], [[20, 0.01], [30, 0.015], [40, 0.975]], [[200, 0.01], [300, 0.015], [400, 0.975]], [[1000, 0.01], [1500, 0.015], [2000, 0.975]]]
C=[[[2.41663, 0.975], [3.62494, 0.015], [4.83326, 0.01]], [[0.16954, 0.975], [0.25432, 0.015], [0.33909, 0.01]], [[2.83756, 0.975], [4.25635, 0.015], [5.67513, 0.01]], [[9.88401, 0.975], [14.82601, 0.015], [19.76801, 0.01]], [[8.42157, 0.975], [12.63236, 0.015], [16.84314, 0.01]]]

T=[[[1, 0.01], [2, 0.99]], [[2, 0.01], [3, 0.015], [4, 0.975]], [[20, 0.01], [30, 0.015], [40, 0.975]], [[50, 0.01], [75, 0.015], [100, 0.975]], [[100, 0.01], [150, 0.015], [200, 0.975]]]
C=[[[0.46007, 0.975], [0.6901, 0.015], [0.92014, 0.01]], [[0.02446, 0.975], [0.03669, 0.015], [0.04891, 0.01]], [[0.07263, 0.975], [0.10895, 0.015], [0.14527, 0.01]], [[3.26571, 0.975], [4.89856, 0.015], [6.53142, 0.01]], [[15.87561, 0.975], [23.81342, 0.015], [31.75123, 0.01]]]

T=[[[1, 0.01], [2, 0.99]], [[1, 0.01], [2, 0.99]], [[10, 0.01], [15, 0.015], [20, 0.975]], [[20, 0.01], [30, 0.015], [40, 0.975]], [[1000, 0.01], [1500, 0.015], [2000, 0.975]]]
C=[[[0.04164, 0.975], [0.06246, 0.015], [0.08329, 0.01]], [[0.11324, 0.975], [0.16986, 0.015], [0.22647, 0.01]], [[1.07487, 0.975], [1.61231, 0.015], [2.14974, 0.01]], [[4.46901, 0.975], [6.70351, 0.015], [8.93801, 0.01]], [[214.18222, 0.975], [321.27333, 0.015], [428.36444, 0.01]]]

T=[[[1, 0.01], [2, 0.99]], [[2, 0.01], [3, 0.015], [4, 0.975]], [[5, 0.01], [8, 0.015], [10, 0.975]], [[500, 0.01], [750, 0.015], [1000, 0.975]], [[1000, 0.01], [1500, 0.015], [2000, 0.975]]]
C=[[[0.02342, 0.975], [0.03512, 0.015], [0.04683, 0.01]], [[0.19259, 0.975], [0.28889, 0.015], [0.38519, 0.01]], [[0.46621, 0.975], [0.69932, 0.015], [0.93242, 0.01]], [[94.84813, 0.975], [142.27219, 0.015], [189.69626, 0.01]], [[297.34846, 0.975], [446.02269, 0.015], [594.69692, 0.01]]]

T=[[[2, 0.01], [3, 0.015], [4, 0.975]], [[2, 0.01], [3, 0.015], [4, 0.975]], [[10, 0.01], [15, 0.015], [20, 0.975]], [[500, 0.01], [750, 0.015], [1000, 0.975]], [[1000, 0.01], [1500, 0.015], [2000, 0.975]]]
C=[[[0.34161, 0.975], [0.51242, 0.015], [0.68322, 0.01]], [[0.04806, 0.975], [0.07209, 0.015], [0.09612, 0.01]], [[1.22102, 0.975], [1.83153, 0.015], [2.44204, 0.01]], [[21.77458, 0.975], [32.66187, 0.015], [43.54916, 0.01]], [[339.51288, 0.975], [509.26932, 0.015], [679.02575, 0.01]]]

T=[[[2, 0.01], [3, 0.015], [4, 0.975]], [[2, 0.01], [3, 0.015], [4, 0.975]], [[20, 0.01], [30, 0.015], [40, 0.975]], [[20, 0.01], [30, 0.015], [40, 0.975]], [[500, 0.01], [750, 0.015], [1000, 0.975]]]
C=[[[0.22987, 0.975], [0.34481, 0.015], [0.45974, 0.01]], [[0.42331, 0.975], [0.63496, 0.015], [0.84662, 0.01]], [[5.66255, 0.975], [8.49383, 0.015], [11.32511, 0.01]], [[1.72605, 0.975], [2.58908, 0.015], [3.4521, 0.01]], [[1.98947, 0.975], [2.98421, 0.015], [3.97895, 0.01]]]

T=[[[2, 0.01], [3, 0.015], [4, 0.975]], [[5, 0.01], [8, 0.015], [10, 0.975]], [[5, 0.01], [8, 0.015], [10, 0.975]], [[5, 0.01], [8, 0.015], [10, 0.975]], [[200, 0.01], [300, 0.015], [400, 0.975]]]
C=[[[0.04713, 0.975], [0.07069, 0.015], [0.09425, 0.01]], [[1.08264, 0.975], [1.62396, 0.015], [2.16528, 0.01]], [[0.50349, 0.975], [0.75523, 0.015], [1.00698, 0.01]], [[1.35775, 0.975], [2.03662, 0.015], [2.7155, 0.01]], [[17.53226, 0.975], [26.29839, 0.015], [35.06452, 0.01]]]

T=[[[5, 0.01], [8, 0.015], [10, 0.975]], [[10, 0.01], [15, 0.015], [20, 0.975]], [[10, 0.01], [15, 0.015], [20, 0.975]], [[100, 0.01], [150, 0.015], [200, 0.975]], [[200, 0.01], [300, 0.015], [400, 0.975]]]
C=[[[0.43342, 0.975], [0.65013, 0.015], [0.86684, 0.01]], [[2.66698, 0.975], [4.00048, 0.015], [5.33397, 0.01]], [[1.18325, 0.975], [1.77488, 0.015], [2.36651, 0.01]], [[3.72627, 0.975], [5.5894, 0.015], [7.45254, 0.01]], [[38.20581, 0.975], [57.30871, 0.015], [76.41162, 0.01]]]

T=[[[5, 0.01], [8, 0.015], [10, 0.975]], [[5, 0.01], [8, 0.015], [10, 0.975]], [[10, 0.01], [15, 0.015], [20, 0.975]], [[100, 0.01], [150, 0.015], [200, 0.975]], [[1000, 0.01], [1500, 0.015], [2000, 0.975]]]
C=[[[1.09708, 0.975], [1.64562, 0.015], [2.19417, 0.01]], [[0.00277, 0.975], [0.00415, 0.015], [0.00553, 0.01]], [[1.67735, 0.975], [2.51602, 0.015], [3.35469, 0.01]], [[9.81439, 0.975], [14.72158, 0.015], [19.62878, 0.01]], [[214.15155, 0.975], [321.22733, 0.015], [428.3031, 0.01]]]

T=[[[1, 0.01], [2, 0.99]], [[1, 0.01], [2, 0.99]], [[50, 0.01], [75, 0.015], [100, 0.975]], [[100, 0.01], [150, 0.015], [200, 0.975]], [[100, 0.01], [150, 0.015], [200, 0.975]]]
C=[[[0.18594, 0.975], [0.27891, 0.015], [0.37188, 0.01]], [[0.38825, 0.975], [0.58237, 0.015], [0.77649, 0.01]], [[1.25251, 0.975], [1.87876, 0.015], [2.50502, 0.01]], [[8.0358, 0.975], [12.0537, 0.015], [16.07159, 0.01]], [[2.04055, 0.975], [3.06082, 0.015], [4.0811, 0.01]]]

T=[[[1, 0.01], [2, 0.99]], [[1, 0.01], [2, 0.99]], [[2, 0.01], [3, 0.015], [4, 0.975]], [[100, 0.01], [150, 0.015], [200, 0.975]], [[1000, 0.01], [1500, 0.015], [2000, 0.975]]]
C=[[[0.15431, 0.975], [0.23146, 0.015], [0.30861, 0.01]], [[0.00672, 0.975], [0.01008, 0.015], [0.01345, 0.01]], [[0.31816, 0.975], [0.47724, 0.015], [0.63632, 0.01]], [[4.03909, 0.975], [6.05864, 0.015], [8.07819, 0.01]], [[339.49893, 0.975], [509.24839, 0.015], [678.99785, 0.01]]]

T=[[[5, 0.01], [8, 0.015], [10, 0.975]], [[100, 0.01], [150, 0.015], [200, 0.975]], [[500, 0.01], [750, 0.015], [1000, 0.975]], [[500, 0.01], [750, 0.015], [1000, 0.975]], [[1000, 0.01], [1500, 0.015], [2000, 0.975]]]
C=[[[1.01252, 0.975], [1.51878, 0.015], [2.02504, 0.01]], [[6.59981, 0.975], [9.89971, 0.015], [13.19962, 0.01]], [[23.16617, 0.975], [34.74925, 0.015], [46.33233, 0.01]], [[136.01482, 0.975], [204.02223, 0.015], [272.02963, 0.01]], [[113.13621, 0.975], [169.70432, 0.015], [226.27243, 0.01]]]

T=[[[5, 0.01], [8, 0.015], [10, 0.975]], [[10, 0.01], [15, 0.015], [20, 0.975]], [[20, 0.01], [30, 0.015], [40, 0.975]], [[50, 0.01], [75, 0.015], [100, 0.975]], [[500, 0.01], [750, 0.015], [1000, 0.975]]]
C=[[[1.17041, 0.975], [1.75561, 0.015], [2.34081, 0.01]], [[0.66786, 0.975], [1.00179, 0.015], [1.33573, 0.01]], [[2.36293, 0.975], [3.54439, 0.015], [4.72586, 0.01]], [[4.70307, 0.975], [7.0546, 0.015], [9.40613, 0.01]], [[93.46233, 0.975], [140.19349, 0.015], [186.92465, 0.01]]]

T=[[[5, 0.01], [8, 0.015], [10, 0.975]], [[50, 0.01], [75, 0.015], [100, 0.975]], [[200, 0.01], [300, 0.015], [400, 0.975]], [[500, 0.01], [750, 0.015], [1000, 0.975]], [[1000, 0.01], [1500, 0.015], [2000, 0.975]]]
C=[[[0.38806, 0.975], [0.58209, 0.015], [0.77612, 0.01]], [[1.28679, 0.975], [1.93018, 0.015], [2.57358, 0.01]], [[34.61184, 0.975], [51.91776, 0.015], [69.22368, 0.01]], [[13.39217, 0.975], [20.08826, 0.015], [26.78434, 0.01]], [[396.80863, 0.975], [595.21295, 0.015], [793.61726, 0.01]]]

T=[[[5, 0.01], [8, 0.015], [10, 0.975]], [[200, 0.01], [300, 0.015], [400, 0.975]], [[200, 0.01], [300, 0.015], [400, 0.975]], [[500, 0.01], [750, 0.015], [1000, 0.975]], [[1000, 0.01], [1500, 0.015], [2000, 0.975]]]
C=[[[1.18592, 0.975], [1.77887, 0.015], [2.37183, 0.01]], [[13.66745, 0.975], [20.50118, 0.015], [27.33491, 0.01]], [[11.16945, 0.975], [16.75418, 0.015], [22.3389, 0.01]], [[101.93547, 0.975], [152.90321, 0.015], [203.87094, 0.01]], [[134.76126, 0.975], [202.14189, 0.015], [269.52253, 0.01]]]

T=[[[1, 0.01], [2, 0.99]], [[200, 0.01], [300, 0.015], [400, 0.975]], [[200, 0.01], [300, 0.015], [400, 0.975]], [[1000, 0.01], [1500, 0.015], [2000, 0.975]], [[1000, 0.01], [1500, 0.015], [2000, 0.975]]]
C=[[[0.03971, 0.975], [0.05957, 0.015], [0.07943, 0.01]], [[32.63153, 0.975], [48.94729, 0.015], [65.26306, 0.01]], [[3.16668, 0.975], [4.75002, 0.015], [6.33336, 0.01]], [[16.419, 0.975], [24.6285, 0.015], [32.838, 0.01]], [[464.87643, 0.975], [697.31465, 0.015], [929.75286, 0.01]]]

T=[[[2, 0.01], [3, 0.015], [4, 0.975]], [[10, 0.01], [15, 0.015], [20, 0.975]], [[10, 0.01], [15, 0.015], [20, 0.975]], [[20, 0.01], [30, 0.015], [40, 0.975]], [[1000, 0.01], [1500, 0.015], [2000, 0.975]]]
C=[[[0.09044, 0.975], [0.13567, 0.015], [0.18089, 0.01]], [[1.71624, 0.975], [2.57437, 0.015], [3.43249, 0.01]], [[3.23445, 0.975], [4.85168, 0.015], [6.4689, 0.01]], [[3.01036, 0.975], [4.51554, 0.015], [6.02072, 0.01]], [[9.19059, 0.975], [13.78589, 0.015], [18.38118, 0.01]]]

T=[[[2, 0.01], [3, 0.015], [4, 0.975]], [[10, 0.01], [15, 0.015], [20, 0.975]], [[20, 0.01], [30, 0.015], [40, 0.975]], [[100, 0.01], [150, 0.015], [200, 0.975]], [[1000, 0.01], [1500, 0.015], [2000, 0.975]]]
C=[[[0.566, 0.975], [0.84901, 0.015], [1.13201, 0.01]], [[1.53441, 0.975], [2.30161, 0.015], [3.06882, 0.01]], [[0.07075, 0.975], [0.10612, 0.015], [0.14149, 0.01]], [[2.0459, 0.975], [3.06885, 0.015], [4.09181, 0.01]], [[239.56093, 0.975], [359.34139, 0.015], [479.12186, 0.01]]]

T=[[[1, 0.01], [2, 0.99]], [[2, 0.01], [3, 0.015], [4, 0.975]], [[20, 0.01], [30, 0.015], [40, 0.975]], [[20, 0.01], [30, 0.015], [40, 0.975]], [[1000, 0.01], [1500, 0.015], [2000, 0.975]]]
C=[[[0.06832, 0.975], [0.10248, 0.015], [0.13665, 0.01]], [[0.01932, 0.975], [0.02898, 0.015], [0.03864, 0.01]], [[2.08585, 0.975], [3.12878, 0.015], [4.1717, 0.01]], [[9.58941, 0.975], [14.38411, 0.015], [19.17881, 0.01]], [[38.25358, 0.975], [57.38037, 0.015], [76.50716, 0.01]]]

T=[[[1, 0.01], [2, 0.99]], [[10, 0.01], [15, 0.015], [20, 0.975]], [[500, 0.01], [750, 0.015], [1000, 0.975]], [[1000, 0.01], [1500, 0.015], [2000, 0.975]], [[1000, 0.01], [1500, 0.015], [2000, 0.975]]]
C=[[[0.06075, 0.975], [0.09113, 0.015], [0.12151, 0.01]], [[3.77117, 0.975], [5.65676, 0.015], [7.54235, 0.01]], [[17.66857, 0.975], [26.50286, 0.015], [35.33714, 0.01]], [[171.6213, 0.975], [257.43195, 0.015], [343.2426, 0.01]], [[55.1709, 0.975], [82.75635, 0.015], [110.3418, 0.01]]]

T=[[[1, 0.01], [2, 0.99]], [[5, 0.01], [8, 0.015], [10, 0.975]], [[50, 0.01], [75, 0.015], [100, 0.975]], [[50, 0.01], [75, 0.015], [100, 0.975]], [[100, 0.01], [150, 0.015], [200, 0.975]]]
C=[[[0.12076, 0.975], [0.18114, 0.015], [0.24152, 0.01]], [[0.48573, 0.975], [0.7286, 0.015], [0.97146, 0.01]], [[2.91064, 0.975], [4.36595, 0.015], [5.82127, 0.01]], [[12.20467, 0.975], [18.307, 0.015], [24.40933, 0.01]], [[17.97859, 0.975], [26.96789, 0.015], [35.95718, 0.01]]]

T=[[[1, 0.01], [2, 0.99]], [[50, 0.01], [75, 0.015], [100, 0.975]], [[100, 0.01], [150, 0.015], [200, 0.975]], [[200, 0.01], [300, 0.015], [400, 0.975]], [[500, 0.01], [750, 0.015], [1000, 0.975]]]
C=[[[0.08631, 0.975], [0.12947, 0.015], [0.17263, 0.01]], [[0.3925, 0.975], [0.58875, 0.015], [0.78501, 0.01]], [[40.54533, 0.975], [60.818, 0.015], [81.09066, 0.01]], [[24.75534, 0.975], [37.13302, 0.015], [49.51069, 0.01]], [[38.30307, 0.975], [57.45461, 0.015], [76.60615, 0.01]]]

T=[[[2, 0.01], [3, 0.015], [4, 0.975]], [[10, 0.01], [15, 0.015], [20, 0.975]], [[200, 0.01], [300, 0.015], [400, 0.975]], [[200, 0.01], [300, 0.015], [400, 0.975]], [[1000, 0.01], [1500, 0.015], [2000, 0.975]]]
C=[[[0.12585, 0.975], [0.18877, 0.015], [0.2517, 0.01]], [[0.32134, 0.975], [0.48201, 0.015], [0.64267, 0.01]], [[76.9766, 0.975], [115.4649, 0.015], [153.9532, 0.01]], [[24.44193, 0.975], [36.66289, 0.015], [48.88385, 0.01]], [[97.84903, 0.975], [146.77354, 0.015], [195.69805, 0.01]]]

