4.82093460580669e-9

9.2843800992546e-9

3.90953360348798e-11

1.13984452842625e-10

9.64917095271884e-7

4.97507189123424e-8

6.53486009522967e-10

1.35229218447996e-11

3.81586705516917e-9

5.49991097048123e-8

4.57353077300111e-8

7.23455733550658e-9

0.0202692349852732

9.48016906359575e-10

5.19828743492164e-9

4.06505345610314e-13

3.33185081868112e-8

1.33152555475263e-11

8.98909844656443e-10

1.19058022208137e-10

2.06859156547324e-9

3.86727513299492e-7

1.8853881264428e-8

1.17659525927557e-7

1.1971751260481e-8

3.25621388123685e-11

7.68177329910289e-9

3.51934808202147e-9

3.54151134612665e-11

2.0158176940487e-9

6.14123675404689e-8

4.43035446295335e-11

1.43974120346907e-7

9.15564398303265e-9

3.13572829315211e-10

2.56681494760567e-9

8.62841594769224e-10

1.21351386780696e-8

3.14006152977145e-9

7.024625003697e-8

3.85513800216576e-8

7.54780616755652e-10

1.14274940405026e-8

5.8193716818379e-8

2.63943158260135e-6

1.6523078640376e-10

4.99694342191122e-8

6.00614765664693e-8

6.60509514602816e-9

1.04970314000357e-6

