3.1030788375317e-31

7.58439644278611e-21

7.74146083198369e-135

8.26744897474578e-85

0.999999999999731

4.73272632682754e-11

2.52847465296068e-6

5.88661123483454e-182

9.36321939646338e-60

5.49971097374123e-22

7.31150866152956e-241

1.39093370176154e-51

0.0203497630302875

0.999999999999567

0.999999999999863

0.999999999999924

0.999999999999939

8.34588388876289e-479

2.51712114956225e-115

5.7747936901085e-24

5.58277178472325e-157

2.57825750143519e-11

3.49314835098643e-31

0.999999999999689

1.12903755746341e-352

0.999999999999364

0.999999999999667

0.999999999999929

1.88049956856755e-44

0.999999999999873

0.999999999999651

0.999999999999665

2.60866958828829e-12

8.14894009787397e-23

0.999999999999603

2.05336583429755e-159

0.999999999999538

0.999999999999792

1.13410282265953e-39

0.999999999999928

3.76786943972188e-8

1.2237302789069e-182

8.63819363152853e-7

0.9999999999996

7.74776509376928e-10

0.999999999999839

0.999999999999403

1.18265930644667e-87

3.2647967380247e-94

0.999999999999681

