2.13981781886465e-247

2.43109034764769e-22

2.45746768940844e-72

1.12388821334959e-394

1.45728302722005e-19

3.84680436126974e-20

5.72485937365012e-27

1.25140195110724e-190

4.62735148146695e-42

3.28804262217057e-69

2.15386923768755e-236

3.29700037367024e-24

0.0808161686673903

1.26765168268898e-784

5.8520385273946e-395

4.20649316132389e-147

1.07702105052731e-22

5.79243806706516e-629

9.45236273511261e-198

6.17256871893861e-90

1.44727442283029e-788

1.29278593457893e-22

6.7903971982986e-22

1.14928904727377e-722

1.0686158481623e-822

2.47472145688084e-4965

2.37006250016123e-326

5.67880191580677e-59

8.7745652772081e-498

2.00251634130594e-54

8.30711813013084e-19

2.37182844836804e-533

3.85599442108335e-22

1.0457979644149e-258

1.56644648509413e-258

5.85733895844048e-690

1.29506875921356e-807

3.3183219093606e-32

3.50133203875043e-26

1.40160966484206e-42

1.7395427016489e-8

1.90026004040228e-1456

2.46847254025942e-39

9.36142865602712e-190

1.44395890772577e-14

1.91460033339952e-739

3.79631028276893e-461

2.44895398748821e-101

3.89836408221496e-304

5.69506046704975e-21

