0.999999999999652

1.84522552071384e-11

2.64039033004484e-7

3.59356858833706e-10

1.52664488387623e-10

0.999999999999968

0.999999999999706

9.92022903432479e-13

0.999999999999523

0.999999999999659

0.999999999999832

9.99205230230077e-17

0.000112833652655442

2.95957997381513e-13

1.21761306470858e-5

0.999999999999462

0.999999999999829

0.999999999999521

2.36772436202975e-16

0.999999999999566

1.08482984756735e-10

1.6101501634936e-29

4.99597168489574e-66

1.5617782505284e-5

0.999999999999704

0.999999999999811

0.999999999999719

5.30390401900781e-25

0.000100000003328076

9.7289698900015e-6

0.99999999999986

0.0106819502305266

1.33045453610663e-33

0.00999999999999822

0.999999999999838

5.06147684768363e-75

0.999999999999925

0.999999999999892

0.999999999999825

1.92749542825201e-11

0.999999999999731

3.55003131839234e-5

1.07256618750927e-25

0.99999999999965

1.26735536624719e-40

1.18018363025144e-18

0.999999999999557

0.999999999999971

0.000126481606530852

2.55988058173458e-28

