5.98313818553764e-6

2.57862055633303e-8

4.3700255422935e-6

1.15125627164091e-5

6.05006563811046e-6

1.26604431443217e-6

8.09391353582008e-7

1.02507138459366e-6

6.08859414485112e-8

4.27762523037916e-7

2.93870032662681e-9

2.53931047113011e-8

4.52457915543427e-6

1.75406524780855e-8

2.19718122788873e-5

2.42236730768799e-6

1.1831305686028e-7

4.58749352191762e-7

3.74305742782435e-6

6.1256927081902e-8

6.28830819375342e-9

2.95705463722518e-8

1.58074977979325e-7

4.15615138154187e-6

0.0032626868162207

1.4649192425175e-5

3.23545369678027e-7

3.98389044395838e-8

3.09714771344381e-9

7.58881982414765e-6

0.0225336717187222

0.0104516793247424

2.57451060284798e-8

5.91447315293688e-9

1.971098199733e-8

8.060740895979e-9

0.0231322209989371

0.997903961187373

1.70613191325985e-5

3.20645901258769e-8

1.41991017907056e-6

2.5802423472298e-5

3.7624243991518e-10

4.90342941126839e-6

3.10614660876793e-8

2.39600225290037e-12

2.90641401420667e-6

0.00267703898050662

5.81554726514413e-6

1.14988331282893e-8

