3.15811107523424e-27

3.58561235165876e-25

2.15037269608072e-13

7.29255341987401e-9

1.96096269724687e-9

1.30926306216334e-19

3.30785498440161e-170

1.11548728784573e-7

5.83026199493581e-163

1.19427791541472e-125

1.5228643324037e-29

5.61628057829089e-37

6.15781645571612e-7

6.09715587589322e-115

1.39265886191886e-8

4.50563563070183e-165

6.58149725890898e-16

1.56184429467263e-42

1.94331781313742e-14

6.57965856921841e-33

9.14522357948271e-41

1.66391799822569e-19

2.00989572561229e-34

2.89468236288073e-14

0.000271989002525818

2.4072470146901e-7

1.31528678503032e-34

1.24582402638615e-54

6.58591405472866e-672

6.71782648848541e-5

0.00958257986148623

0.0214794376569063

2.28136183655392e-21

7.32933753777929e-729

1.99290469474638e-129

1.50667265114172e-51

0.0470304929562906

0.583069464466526

1.97267255241418e-8

2.11010502730611e-43

8.92419821781915e-12

1.73271917403326e-8

9.32537884914116e-51

6.20582113342544e-21

6.9943076063235e-75

8.49241679981633e-26

1.91156741427087e-23

0.00966691655054764

4.61579921019213e-9

4.07876045690961e-15

