0.999999999999961

4.07802265433754e-87

0.999999999999511

0.999999999999564

0.999999999999904

0.000100014078341575

0.999999999999763

0.999999999999637

0.999999999999901

5.26849427505247e-34

1.559394591848e-11

0.999999999999473

3.47530693828329e-8

2.19372916862152e-6

0.999999999999886

6.49968573155902e-57

0.99999999999965

0.999999999999865

0.999999999999701

0.999999999999714

0.000149569309221747

0.000215735931216205

0.999999999999853

0.999999999999854

0.999999999999909

2.40237772053634e-7

2.07814896059041e-36

0.999999999999704

4.18596164628819e-126

0.999999999999891

2.30988309903517e-12

1.31316574144186e-11

0.999999999999651

0.999999999999963

0.999999999999917

0.99999999999996

4.11826863958897e-19

1.379350345154e-21

5.34960832553371e-74

0.999999999999839

8.30866416816105e-17

0.999999999999913

2.39075338711946e-10

4.13123850629832e-10

0.999999999999861

2.12604356490392e-8

3.22412982310401e-35

0.999999999999754

3.84367578301753e-10

2.47246000815207e-6

