2.90636092912521e-9

2.4737071311632e-9

5.17512873246287e-9

8.55572418344207e-6

1.22203145987862e-5

6.32809112984958e-7

2.22200717252967e-7

2.73887742025498e-8

1.91214915661373e-7

2.70772405981634e-8

1.36281612368258e-6

9.169830131161e-9

3.94963875782707e-6

5.08089137122866e-7

4.58579774181268e-7

2.39319127115156e-10

6.51666712783895e-6

1.92936488237605e-7

2.10910592375915e-6

3.00115502448637e-7

5.34011519424007e-7

3.0236525589009e-6

3.95382470626999e-8

2.66327757776013e-8

5.52199153383441e-10

3.81504667435766e-9

1.01900682878995e-8

4.13786214346331e-8

1.36434768456878e-8

7.74801709174025e-8

1.25292432019933e-8

3.65655193581154e-9

0.0760547272141568

5.21790429639751e-10

5.01720648255768e-8

2.43826174379616e-11

4.57818485477999e-7

3.55581361608156e-7

1.4568565278365e-8

1.71736226462787e-9

5.71061942906189e-9

3.9177776990185e-9

2.01030057826683e-6

6.38100878855785e-6

2.08979354168153e-7

6.83732896340351e-6

4.41706016839025e-7

2.71247510383359e-6

5.65397916762512e-9

1.21050826592066e-5

