0.000916785720595053

3.78925413620938e-6

0.000343575538649232

2.21186626447003e-5

0.000281473880523166

2.22385232775968e-5

3.04036883853285e-7

7.61914214655693e-7

8.21482530427559e-8

4.32730661678598e-5

0.0018365575846219

4.6977799415535e-8

0.000109660384421778

0.000777171370452853

3.61402826496847e-7

0.00011820675084682

2.33527088449966e-5

5.26645385461053e-5

4.55975628418637e-6

7.08027487548022e-5

0.00254576652080586

4.68069807145532e-5

2.84638284872381e-6

0.000180683801497131

0.000258016829317588

0.000130324845784756

0.000628579512588508

0.000121739385474719

0.000263322608536436

2.98353489385189e-5

3.78860932179744e-5

2.06989259021083e-5

4.81424488587422e-5

9.5128745033456e-5

6.32165669427557e-5

0.000258385329625114

0.000168967061912925

1.86758947784386e-6

3.31597599945384e-5

7.53645211534555e-6

1.53668898475236e-5

4.12994886590109e-5

5.56635740547462e-7

0.000244524880855265

0.000320392095440647

8.49457011189421e-7

0.000119272573917245

0.0276881368019328

4.39392033949532e-5

5.03019161882946e-5

