0.999999999999833

0.999999999999853

0.999999999999831

2.8723234585504e-26

0.999999999999678

0.99999999999972

0.999999999999555

1.10084590482509e-58

6.17557720214125e-25

0.999999999999588

0.999999999999348

0.999999999999719

0.999999999999619

0.9999999999993

0.999999999999773

5.81689177388599e-12

0.999999999999564

0.999999999999409

0.999999999999385

9.39205441334014e-26

3.0715352304039e-9

0.999999999999236

0.999999999999692

3.49954688368945e-40

0.999999999999774

0.999999999998982

0.999999999999711

0.999999999999424

0.999999999999607

3.75572969652696e-6

0.999999999999401

0.999999999999751

0.999999999999431

0.99999999999964

0.999999999999593

0.999999999999679

0.999999999999359

0.999999999999874

0.99999999999964

0.99999999999965

0.999999999999543

0.999999999999784

8.37161246131938e-34

0.999999999999565

0.999999999999569

0.999999999999595

0.999999999999806

0.999999999999567

0.999999999999491

1.01340091566985e-10

