0.0351596611825731

0.999999999999832

1.05576573918164e-11

3.21619981147452e-30

0.999999999999772

0.999999999999677

5.22699150902938e-23

9.84579673485525e-17

2.53485718667773e-35

1.58196297011286e-20

0.999999999999702

1.05508487915973e-10

0.999999999999349

0.999999999999729

4.95881825694622e-23

1.13831523946273e-11

3.84953892955938e-15

1.11688822754514e-6

5.38591146740908e-17

0.000156047989078224

0.999999999999504

0.999999999999761

1.72341383830362e-8

0.999999999999765

0.999999999999934

0.999999999999819

0.999999999999597

3.85710469813454e-11

0.999999999999675

0.999999999999575

4.59684497940564e-8

2.59491265930683e-21

4.56220515231161e-12

0.999999999999444

2.61376378732162e-11

1.12541585967726e-10

0.99999999999962

1.47791422156749e-46

0.000260306662412035

4.57710010213507e-17

3.59962535559725e-53

1.01394981964675e-9

0.99999999999983

0.999999999999492

0.99999999999978

1.09928303885939e-21

5.31068890814245e-5

0.999999999999799

5.18150832614889e-10

0.999999999999638

