3.07729024941101e-108

0.0171534881911621

3.81278661694031e-25

4.59132025894209e-12

5.44222995770671e-61

1.26766949765826e-35

9.64192900358267e-12

1.79286092353313e-13

8.93681780946804e-37

4.5486550342679e-6

1.91301801304361e-32

0.000407767905146496

0.00235814685822299

5.47066638894682e-23

5.54532946191059e-8

4.84587822683252e-9

7.22004361260619e-73

1.0283029643133e-191

1.97721917118723e-27

3.94811553454892e-12

3.08433604412124e-34

2.34823039108271e-22

4.59206789569493e-11

5.26590493983372e-30

9.72327602531003e-10

0.00432528500628951

6.02137655304455e-7

2.20273738292923e-40

5.51779067698039e-8

0.00051547431358668

7.0743618542983e-23

3.12546514349209e-184

7.33318228351458e-51

2.21789275003052e-7

4.74641484262389e-17

1.30126512123744e-14

8.72960575479405e-14

1.37467813417364e-23

4.7386106442667e-103

0.0479206446986397

4.97672045484028e-22

2.04298715081925e-6

9.11344808002732e-5

0.00230448351046438

1.20444575220432e-26

0.000325812319093332

7.62673462122754e-43

3.26483830360766e-30

4.01639748872056e-17

5.64779275625479e-38

