0.000797636395639332

0.999999999999828

3.01696008134739e-23

3.89263150828762e-44

0.999999999999486

5.905290585495e-8

1.64942767941709e-29

4.63625393888044e-19

8.7938472343148e-50

7.69708739069194e-24

1.06003503633517e-5

5.56611234537649e-8

0.99999999999936

0.000171245466135197

1.8605386215051e-25

4.57829721810554e-44

1.08999101943008e-16

6.02557673740501e-9

1.9086706600866e-34

9.88644235800145e-13

0.999999999999368

1.2517109687967e-5

4.89562857856759e-16

0.999999999999752

0.000137226164685406

0.999999999999811

0.999999999999566

1.64660076413958e-11

0.000156734833553248

3.00108312532294e-33

9.21945981529639e-10

2.21790739005285e-40

5.84055552370776e-9

0.999999999999415

3.50915781474748e-5

7.46029335531416e-13

0.999999999999597

1.30557417697662e-85

1.3168947014039e-6

3.28448651934199e-69

2.65716003063223e-53

3.39293316561835e-38

7.96623779944637e-28

0.000250011522863985

1.73903235127023e-11

2.84616239280845e-33

5.67944257190474e-6

0.0204845795292407

7.45244583754875e-15

5.02168621230217e-23

