0.00108608628973638

0.999999999999822

4.68459317377973e-19

9.4477687674538e-42

0.999999999999458

0.999999999999691

1.01552486094566e-27

1.33514131708458e-17

1.31603188815031e-40

9.75215645663828e-23

3.06462022940641e-6

4.42659582816448e-10

0.999999999999345

0.000189709514985876

3.48584062826473e-23

2.35588817290329e-40

2.27523366547426e-16

7.9088166579491e-8

1.67387021961337e-31

7.2698943889148e-8

0.999999999999408

7.06108510426262e-5

3.64641496853792e-13

0.999999999999755

0.999999999999935

0.999999999999817

0.999999999999565

1.36025282292064e-8

0.000280147630040311

1.3665246735811e-14

9.40061691212468e-10

4.06548764895313e-37

7.9211251077966e-8

0.999999999999416

8.4422178080607e-5

1.04274948535025e-12

0.999999999999587

8.01973159554549e-84

3.35324940275002e-6

1.9362350526948e-40

1.16196769305174e-8

1.26357252265633e-34

0.999999999999863

9.55387001730535e-6

6.8564930423455e-11

9.67366678006543e-26

0.000100890101733824

0.0210232579367192

2.94241522711087e-12

1.52975905482885e-12

