7.81934755460277e-50

1.93360193683079e-24

1.53592197318213e-39

2.21323301490519e-25

1.10257001679039e-47

2.0329113936496e-20

7.69836867205271e-14

5.18379994815316e-113

3.30536221473261e-51

2.79733113229885e-58

5.05192910521931e-56

1.28139306668885e-38

4.05896892736678e-44

1.28808556579554e-32

4.30972352771049e-13

3.84496800336152e-10

4.63990871413915e-37

1.34522417728266e-37

4.01643602480041e-22

7.88271817575315e-52

5.1274108538888e-28

4.61594105130379e-12

2.77165155291475e-33

6.15237813559427e-69

8.36420648520539e-15

2.02262080092093e-61

6.51768467764403e-27

5.09053630950416e-291

1.27786508610071e-26

3.02736532662144e-20

2.34262166128172e-113

3.90055357677729e-95

1.25272643257706e-120

3.30407974922204e-37

3.74694560442027e-35

3.35305058553669e-11

3.40320737437861e-32

9.81227790650683e-62

5.78014847307675e-24

8.01611483242802e-36

2.01825363531488e-51

3.04218175997831e-125

5.52901698589586e-15

8.07859953178199e-35

3.4136305590641e-57

1.29387292569842e-32

3.65926642313681e-22

5.87189173244421e-10

2.45067012962108e-39

2.93069701304512e-8

