0.0352387066463173

0.999999999999825

0.999999999999725

2.78832184548265e-22

0.999999999999946

0.999999999999665

6.16415722709009e-21

3.33758636093186e-18

8.39126572395189e-31

0.999999999999867

0.999999999999715

2.07195294325851e-10

0.999999999999402

0.999999999999735

5.49402804809867e-24

4.83632910178855e-21

4.31454464576276e-14

2.02225219017748e-6

1.23346986853826e-10

0.00129511285427614

0.999999999999504

1.92256302159763e-14

2.96617252193942e-8

0.999999999999766

0.999999999999937

0.999999999999822

0.999999999999662

0.999999999999721

0.999999999999678

0.999999999999553

1.31743288440981e-7

2.30385101025662e-18

3.73963026426921e-17

0.999999999999514

5.65391637605037e-19

9.0301183905128e-9

0.999999999999648

1.78183171055533e-14

0.999999999999954

0.99999999999972

0.999999999999541

0.00999999999999803

0.999999999999819

0.999999999999489

0.999999999999803

1.60777008545441e-19

0.999999999999735

0.999999999999807

0.999999999999913

0.999999999999715

