1.00000000000014

1.00000000000008

0.999999999999822

1.00000000000007

1.00000000000008

0.999999999999988

1.0000000000002

1.00000000000002

0.999999999999724

0.999999999999999

0.999999999999978

1.67218153434158e-22

5.45283326499056e-35

4.98197869373708e-8

1.05235713376501e-30

1.00000000000001

1.00000000000008

1.00000000000011

1.00000000000001

0.999999999999771

1.00000000000004

1.00000000000003

1.00000000000011

1.00000000000013

0.999999999999991

1.00000000000011

1.11516187856259e-21

9.94062417838457e-31

0.999999999999936

1.00000000000005

3.35286857624748e-6

1.0000000000001

1.00000000000021

6.0827470033965e-24

0.999999999999989

1.00000000000017

1.00000000000008

1.149596167971e-10

0.999999999999904

1.0024266509923e-9

0.999999999999942

1.24522052923505e-5

1.00000000000024

1.00000000000004

0.999999999999996

0.0709646444550272

0.999999999999997

1.0

1.00000000000004

1.00000000000011

