9.49793034218523e-5

0.000402231172222228

6.88488957757385e-5

0.000142693140140954

9.14221225150394e-5

0.000476991254180499

0.000350810808467451

2.16897562928285e-6

6.47839200105627e-5

4.40488891066126e-5

4.05014348688256e-6

5.87995585002336e-6

2.72188724209138e-5

0.000305156078296612

0.000211412027790358

0.000869697531138564

0.000127818844995164

1.65841233226717e-6

1.18507760715973e-5

4.59221435925261e-5

2.78621077916464e-5

0.00047321656930439

8.69745729818783e-5

1.32221575358148e-5

0.000229863020204279

2.55847391927271e-5

0.000351504178220303

5.03593018707362e-7

0.000122300111279905

0.000863601521347871

8.09955448587195e-7

3.155716472005e-6

1.22240482744415e-6

2.92335367204313e-5

0.000165158087153653

0.000475318418124849

0.000473944423968508

5.58683153675772e-5

0.000461062174753614

0.000762820567611358

1.39630499889724e-5

2.30549102401824e-5

0.000406342480818967

0.000118817188820358

8.3760358232659e-6

0.000463484177982749

2.68889556224621e-5

0.00028926454477687

2.53700618238723e-5

0.00151177502093778

