1.24479962025858e-13

2.15445817840198e-7

0.999999999999947

8.0283153535903e-17

7.91999817270194e-14

0.0624484725191702

0.0943698960018239

0.0113241780621702

0.000137015169292965

1.30722592568152e-11

1.76994160546996e-14

1.83901551540793e-6

0.999999999999898

0.0709972026809245

5.03160354088709e-11

0.01087793617551

1.13618631872362e-12

1.07453356439378e-8

0.000923928737858359

3.41258226549439e-12

1.87979610294772e-17

0.0665236839109326

2.31940226427144e-15

1.56610404545028e-15

4.75811509532968e-9

1.21726045829012e-14

0.000557263308842862

3.20633262922558e-15

1.539925537249e-14

9.4708830671627e-7

0.00246885912644209

0.0111285003287114

1.36018562095674e-15

6.82012219123709e-13

1.23823686006242e-12

3.05785430511319e-7

1.39811506228309e-14

0.0145298437039538

2.77600929901354e-5

1.88799862403853e-10

0.0100652633529607

2.08184871676928e-6

0.0104404587273313

1.2108390921293e-14

9.8770505077106e-7

1.04033139268858e-9

0.0221059839596402

5.90881670060691e-5

6.60359971558377e-10

1.02750306165366e-7

