0.00469075413629808

0.108401228722287

0.0543762483451564

0.723398491903169

0.0465372297826644

0.00168476457869749

0.703513814750421

0.0926675456693362

0.00905999904059028

0.0642138943637902

0.0243440844610426

0.00019736317547164

0.00133942408162942

0.00527654183647443

0.00173121197986861

0.0117248667402464

0.130467582864894

0.0110089345253643

0.0326235559682646

0.0100379673640768

1.00000000000004

0.00422000201328199

0.345707150982137

0.00802980307684741

0.0458755634814519

0.000866698796409232

0.00290052050816689

0.00977481777049242

0.00122034199049918

0.0452463764939055

0.00189905140842727

0.0307191505601472

0.0346408968083542

0.00354277098550362

0.0043268888980601

0.00253248076235441

0.00569004161389425

0.00106920388570387

0.0396244774181729

0.00642925990660138

0.00673000543838698

0.04139647558303

0.00513139458036208

0.107878893454712

0.0816442074904485

0.100995515546259

0.136428493591569

0.880591971091473

0.00271642696224699

0.0037127119886295

