0.0100042857365778

0.0100029501999989

1.2209674784208e-6

0.999999999999829

1.29489562257058e-7

0.00999999999999896

1.18401997598518e-10

0.99999999999972

2.67664447654139e-70

2.96129535311118e-5

0.999999999999669

0.99999999999991

0.0100607999340563

1.89441030551275e-12

0.99999999999954

6.20289277333138e-6

8.57440335506022e-6

0.000166542700480123

1.00000012350979e-10

0.999999999999683

3.4068225974167e-7

0.999999999999598

0.00999999999999886

0.999999999999486

1.73157572564802e-11

0.000885036057366762

2.26632636663336e-7

0.999999999999619

0.999999999999638

0.999999999999882

0.000100000133385826

3.41855844031472e-5

0.999999999999231

9.80336898421103e-14

0.999999999999598

4.28062046002296e-12

7.32700077511678e-6

0.999999999999649

5.16335771255156e-6

0.0490099500999945

0.999999999999682

0.999999999999816

2.65617526455174e-9

0.999999999999565

0.999999999999763

0.999999999999541

8.93224761076135e-18

0.999999999999607

0.999999999999532

0.999999999999823

