1.06622655164527e-18

3.80783547584018e-7

0.999999999999948

8.13513332107981e-25

2.81537957809231e-28

0.999999999999923

0.0964665558439181

0.00999999999999738

0.0099999999999997

2.02127123489008e-15

8.63347850984068e-55

0.00999999999999865

0.999999999999917

0.0709977117279628

0.00252242166966204

0.999999999999861

2.09040422733589e-48

2.62444100084081e-21

0.00148651979933182

3.98902722543498e-105

7.68886742913016e-19

0.999999999999749

3.20509812081864e-27

1.93800101695894e-22

0.999999999999959

2.72098160968171e-37

0.000557144156576387

8.18584214309648e-31

1.50904308548497e-11

0.999999999999644

0.0107794239062469

0.0100056635894939

6.59216263107891e-33

6.43258785320376e-6

2.78320202249322e-12

0.0100049671029642

0.999999999999962

0.999999999999553

0.000136219519229475

1.66268951678584e-6

0.0100000036150691

6.58024408104296e-6

0.0100410162922703

5.74074214977606e-31

0.00999999999999929

3.90398266161711e-14

0.999999999999807

8.1680597730933e-5

5.20805341498343e-9

7.15613549266718e-11

