0.999999999999943

0.999999999999852

0.99999999999974

8.70521281667811e-18

0.999999999999955

0.999999999999703

7.02431967975582e-20

2.340821729777e-15

3.46796356227224e-26

0.999999999999901

0.999999999999706

0.999999999999906

0.999999999999462

0.999999999999837

1.59549913581674e-25

6.51874131949145e-16

5.1168815436814e-12

0.999999999999931

2.46843584848162e-16

0.000582912174416101

0.999999999999623

2.30294752018538e-8

3.31178337337538e-8

0.999999999999762

0.999999999999952

0.999999999999864

0.999999999999647

0.999999999999746

0.999999999999727

0.999999999999575

1.56274905257745e-6

2.23916746405127e-14

6.82453279066906e-19

0.999999999999651

0.999999999999582

7.59296763684887e-8

0.999999999999674

3.14338905411212e-11

0.999999999999962

0.999999999999733

0.999999999999548

0.999999999999801

0.999999999999864

0.999999999999462

0.999999999999793

1.68831480580546e-16

0.999999999999751

0.999999999999864

2.86064372457926e-6

0.999999999999836

