0.999999999999675

2.11637130405372e-23

0.999999999999558

0.999999999999432

0.999999999999816

8.60111441096787e-44

2.18333351319224e-15

0.999999999999663

0.999999999999719

0.999999999999491

0.999999999999249

0.99999999999981

0.999999999999712

0.999999999999718

0.999999999999257

0.9999999999989

0.999999999998938

0.999999999999569

0.999999999999429

0.999999999999444

0.999999999999713

0.999999999999302

0.999999999999395

0.999999999999316

0.999999999999966

0.999999999999485

0.999999999999546

0.999999999999579

5.3276183852056e-9

0.999999999999513

0.99999999999967

1.72668270234606e-26

0.999999999999376

0.999999999999637

0.999999999999878

0.999999999999265

0.999999999999061

0.999999999999443

0.999999999999452

0.999999999999846

0.999999999999244

0.999999999999197

0.999999999999626

0.99999999999955

0.9999999999996

0.999999999999546

0.999999999999843

0.999999999999317

0.999999999999644

0.999999999999788

