1.5421459492241e-13

0.000608771142161004

3.41272882264504e-15

4.15937900551265e-8

5.16894375789245e-12

4.32687617048242e-13

1.17037756036291e-9

1.88917603728317e-8

4.10662528293841e-15

1.05806298839482e-6

1.41609289338949e-11

0.00018450076171246

0.00205561878134613

6.76338840901652e-15

3.55828691308051e-6

1.22293512913399e-6

2.96085959023703e-10

2.25801828992309e-11

4.81475269026648e-11

1.15903081227408e-7

1.28140630490537e-14

2.82727535363409e-11

2.4163737715971e-9

4.21305004894199e-11

4.99043168462362e-9

0.000503428238383402

3.31323936787514e-9

2.33590094377177e-10

6.15706933343465e-7

0.000722883842467876

2.8085156515828e-10

1.96939356585562e-11

3.99390598502553e-11

1.72254637815185e-8

6.38224442443737e-9

1.33420761458591e-12

8.29370263731555e-11

1.24202431681081e-10

4.6859513657664e-13

0.00138738794802767

2.68259185748945e-11

3.13234934113375e-7

1.44758695554505e-10

0.0230393639633998

8.99413482067399e-13

5.0068856140956e-6

1.76455898332371e-11

2.02882387176904e-11

2.19172735613162e-9

4.7661622859966e-13

