0.999999999999984

0.999999999999917

0.999999999999823

0.999999999999909

0.999999999999928

0.999999999999794

0.999999999999955

0.999999999999975

0.99999999999998

0.999999999999985

0.999999999999991

0.999999999999961

0.999999999999805

0.999999999999917

0.999999999999946

0.99999999999989

0.99999999999995

0.999999999999962

0.999999999999969

0.999999999999799

0.999999999999843

0.999999999999826

0.999999999999891

0.999999999999869

0.999999999999981

0.999999999999993

0.999999999999956

0.999999999999936

0.999999999999879

0.999999999999782

0.999999999999984

0.999999999999925

0.999999999999901

0.999999999999772

0.999999999999793

0.999999999999964

0.999999999999789

0.999999999999776

0.999999999999988

0.999999999999794

0.999999999999888

0.999999999999831

0.999999999999942

0.999999999999885

0.999999999999912

0.999999999999855

0.99999999999996

0.99999999999994

0.999999999999946

0.999999999999844

