0.999999999999389

0.999999999999108

0.999999999999278

0.99999999999931

0.999999999999805

0.99999999999943

0.999999999999453

0.999999999999562

0.999999999999364

0.999999999999567

0.999999999999332

0.999999999999324

0.999999999999688

5.66392906751046e-34

0.000110159024865111

0.99999999999919

0.999999999999132

0.999999999999525

0.99999999999959

0.999999999999833

0.999999999999762

0.999999999999541

0.99999999999952

0.999999999998932

0.999999999999613

0.999999999999499

0.999999999999824

0.999999999999496

0.999999999999371

0.999999999999605

0.999999999999265

0.999999999999561

0.999999999999107

0.999999999999682

0.99999999999923

0.999999999999188

0.999999999998935

0.999999999999397

0.999999999998939

0.999999999999312

0.999999999999189

0.999999999999497

0.999999999999347

0.999999999999584

0.999999999999443

0.999999999999185

0.999999999999206

0.999999999999302

0.999999999999235

0.999999999999744

