0.000684239717033754

4.9778583067507e-7

2.44737235968891e-5

2.16414748108653e-7

6.96585180893729e-5

8.88046888180103e-7

4.20773017682158e-9

6.99865576217409e-8

7.74419210816615e-10

2.01957896616754e-5

0.000552032536008911

4.48467948119356e-9

5.90255636877798e-6

0.000285306549145722

2.29677264300251e-8

9.40906057774616e-6

3.33578498877425e-6

1.154865812083e-5

2.95282876663083e-7

5.88298929167552e-6

0.000402595117962332

2.93632890096684e-6

5.31371398322085e-8

1.8934723681679e-5

0.00016853350650935

4.22367959431777e-5

9.6343901386503e-5

1.27516981039935e-6

8.31950415476722e-5

2.8125601525844e-6

5.04352579925302e-6

2.9945410444853e-7

6.58732637986371e-6

2.05966171316929e-6

1.03931100516654e-5

6.92942362351414e-5

4.41923973429855e-6

4.12292011691455e-8

8.62013097386956e-6

1.57591845904942e-6

1.42783280573609e-6

8.16639859017085e-6

5.19561044224753e-8

9.30641839595462e-6

9.7954846822184e-5

6.28130240636647e-8

1.90179920783143e-5

0.0236327739536028

1.18359918400059e-5

2.16944477339933e-5

