3.80592574620989e-24

1.02727555054903e-49

4.47767232423648e-240

4.37102424831199e-27

9.72497070821029e-38

1.04824054713999e-58

2.66736767578762e-59

4.73325813026818e-65

1.3792098510526e-12

2.09047722421164e-18

3.75853527837209e-115

9.03750113342215e-26

1.26718523478839e-11

3.7272981868015e-11

3.21993107015652e-70

2.08485055574067e-77

1.60969806776474e-83

6.40421146990589e-20

5.53282166450782e-26

1.76631290358035e-46

1.41150123731547e-12

6.6318553102075e-25

3.82779085700016e-30

5.69444129349699e-40

5.95639775430066e-5

2.60378550196595e-32

2.46433160352845e-21

7.13806546209637e-10

3.31456844825969e-14

1.10209353590455e-19

5.64403991578337e-20

2.00126178330778e-25

5.0819321027874e-36

1.60742028915966e-24

0.00440247397570444

1.30330611933523e-39

1.14610541167681e-65

1.63846815142187e-16

3.18756659835729e-49

2.86893319645889e-7

4.09048214266689e-43

2.90298616019644e-95

1.41427780614075e-9

4.83778300464856e-24

8.13486370897447e-33

4.97365451578127e-57

9.85826647120268e-7

5.54964814821338e-13

1.03380493891884e-47

1.24215908159615e-11

