2.5019084073405e-20

0.999999999999099

0.999999999999438

0.999999999999233

0.999999999999565

0.99999999999932

0.99999999999951

0.999999999999461

0.999999999999054

0.999999999998888

0.999999999999619

0.999999999999587

0.99999999999963

0.999999999999418

0.9999999999996

0.999999999999482

0.999999999999238

0.999999999998994

0.999999999999548

0.999999999999203

0.999999999999274

0.999999999999349

0.999999999999579

0.999999999999431

0.999999999999537

0.999999999999432

0.999999999999472

0.999999999998817

0.999999999999559

0.999999999999524

4.68083347286052e-59

0.999999999999472

0.999999999999171

0.999999999999105

0.999999999999548

0.999999999999465

0.999999999999202

0.999999999999266

0.999999999999549

1.84836742027568e-14

0.99999999999918

0.999999999999023

0.999999999999379

0.999999999999633

0.99999999999937

0.999999999999563

0.999999999999547

0.999999999999483

0.999999999999052

0.999999999999761

