T=[[[1, 0.01], [2, 0.99]], [[5, 0.01], [8, 0.015], [10, 0.975]], [[10, 0.01], [15, 0.015], [20, 0.975]], [[10, 0.01], [15, 0.015], [20, 0.975]], [[20, 0.01], [30, 0.015], [40, 0.975]], [[50, 0.01], [75, 0.015], [100, 0.975]], [[50, 0.01], [75, 0.015], [100, 0.975]], [[200, 0.01], [300, 0.015], [400, 0.975]], [[500, 0.01], [750, 0.015], [1000, 0.975]], [[1000, 0.01], [1500, 0.015], [2000, 0.975]]]
C=[[[0.03252, 0.975], [0.04879, 0.015], [0.06505, 0.01]], [[0.43639, 0.975], [0.65459, 0.015], [0.87279, 0.01]], [[0.15139, 0.975], [0.22708, 0.015], [0.30277, 0.01]], [[0.15324, 0.975], [0.22986, 0.015], [0.30648, 0.01]], [[3.37818, 0.975], [5.06727, 0.015], [6.75637, 0.01]], [[1.04885, 0.975], [1.57328, 0.015], [2.09771, 0.01]], [[1.38422, 0.975], [2.07633, 0.015], [2.76844, 0.01]], [[11.47182, 0.975], [17.20773, 0.015], [22.94364, 0.01]], [[16.80534, 0.975], [25.20801, 0.015], [33.61069, 0.01]], [[41.19449, 0.975], [61.79174, 0.015], [82.38899, 0.01]]]

T=[[[2, 0.01], [3, 0.015], [4, 0.975]], [[5, 0.01], [8, 0.015], [10, 0.975]], [[5, 0.01], [8, 0.015], [10, 0.975]], [[50, 0.01], [75, 0.015], [100, 0.975]], [[200, 0.01], [300, 0.015], [400, 0.975]], [[500, 0.01], [750, 0.015], [1000, 0.975]], [[500, 0.01], [750, 0.015], [1000, 0.975]], [[500, 0.01], [750, 0.015], [1000, 0.975]], [[1000, 0.01], [1500, 0.015], [2000, 0.975]], [[1000, 0.01], [1500, 0.015], [2000, 0.975]]]
C=[[[0.20725, 0.975], [0.31087, 0.015], [0.41449, 0.01]], [[0.05754, 0.975], [0.08632, 0.015], [0.11509, 0.01]], [[0.48063, 0.975], [0.72094, 0.015], [0.96125, 0.01]], [[3.04443, 0.975], [4.56665, 0.015], [6.08886, 0.01]], [[0.62866, 0.975], [0.94298, 0.015], [1.25731, 0.01]], [[30.10441, 0.975], [45.15662, 0.015], [60.20882, 0.01]], [[47.93489, 0.975], [71.90233, 0.015], [95.86978, 0.01]], [[0.22419, 0.975], [0.33628, 0.015], [0.44838, 0.01]], [[38.36036, 0.975], [57.54053, 0.015], [76.72071, 0.01]], [[29.82378, 0.975], [44.73567, 0.015], [59.64756, 0.01]]]

T=[[[10, 0.01], [15, 0.015], [20, 0.975]], [[10, 0.01], [15, 0.015], [20, 0.975]], [[50, 0.01], [75, 0.015], [100, 0.975]], [[100, 0.01], [150, 0.015], [200, 0.975]], [[100, 0.01], [150, 0.015], [200, 0.975]], [[100, 0.01], [150, 0.015], [200, 0.975]], [[200, 0.01], [300, 0.015], [400, 0.975]], [[200, 0.01], [300, 0.015], [400, 0.975]], [[1000, 0.01], [1500, 0.015], [2000, 0.975]], [[1000, 0.01], [1500, 0.015], [2000, 0.975]]]
C=[[[0.13319, 0.975], [0.19978, 0.015], [0.26637, 0.01]], [[1.25278, 0.975], [1.87917, 0.015], [2.50556, 0.01]], [[0.75281, 0.975], [1.12921, 0.015], [1.50561, 0.01]], [[9.77124, 0.975], [14.65686, 0.015], [19.54248, 0.01]], [[1.67019, 0.975], [2.50528, 0.015], [3.34038, 0.01]], [[7.76563, 0.975], [11.64844, 0.015], [15.53126, 0.01]], [[25.3211, 0.975], [37.98165, 0.015], [50.64219, 0.01]], [[0.5392, 0.975], [0.80879, 0.015], [1.07839, 0.01]], [[6.47519, 0.975], [9.71278, 0.015], [12.95038, 0.01]], [[18.49981, 0.975], [27.74971, 0.015], [36.99962, 0.01]]]

T=[[[2, 0.01], [3, 0.015], [4, 0.975]], [[2, 0.01], [3, 0.015], [4, 0.975]], [[5, 0.01], [8, 0.015], [10, 0.975]], [[5, 0.01], [8, 0.015], [10, 0.975]], [[10, 0.01], [15, 0.015], [20, 0.975]], [[10, 0.01], [15, 0.015], [20, 0.975]], [[100, 0.01], [150, 0.015], [200, 0.975]], [[100, 0.01], [150, 0.015], [200, 0.975]], [[500, 0.01], [750, 0.015], [1000, 0.975]], [[500, 0.01], [750, 0.015], [1000, 0.975]]]
C=[[[0.04662, 0.975], [0.06992, 0.015], [0.09323, 0.01]], [[0.02395, 0.975], [0.03593, 0.015], [0.04791, 0.01]], [[0.51185, 0.975], [0.76777, 0.015], [1.02369, 0.01]], [[0.22835, 0.975], [0.34252, 0.015], [0.45669, 0.01]], [[1.98229, 0.975], [2.97344, 0.015], [3.96458, 0.01]], [[0.54913, 0.975], [0.8237, 0.015], [1.09827, 0.01]], [[1.96848, 0.975], [2.95273, 0.015], [3.93697, 0.01]], [[0.51374, 0.975], [0.77061, 0.015], [1.02748, 0.01]], [[13.01722, 0.975], [19.52583, 0.015], [26.03444, 0.01]], [[6.33881, 0.975], [9.50822, 0.015], [12.67762, 0.01]]]

T=[[[1, 0.01], [2, 0.99]], [[2, 0.01], [3, 0.015], [4, 0.975]], [[5, 0.01], [8, 0.015], [10, 0.975]], [[10, 0.01], [15, 0.015], [20, 0.975]], [[20, 0.01], [30, 0.015], [40, 0.975]], [[50, 0.01], [75, 0.015], [100, 0.975]], [[200, 0.01], [300, 0.015], [400, 0.975]], [[500, 0.01], [750, 0.015], [1000, 0.975]], [[1000, 0.01], [1500, 0.015], [2000, 0.975]], [[1000, 0.01], [1500, 0.015], [2000, 0.975]]]
C=[[[0.02856, 0.975], [0.04283, 0.015], [0.05711, 0.01]], [[0.08319, 0.975], [0.12478, 0.015], [0.16637, 0.01]], [[0.34428, 0.975], [0.51641, 0.015], [0.68855, 0.01]], [[0.41626, 0.975], [0.62439, 0.015], [0.83252, 0.01]], [[1.0622, 0.975], [1.59329, 0.015], [2.12439, 0.01]], [[3.42682, 0.975], [5.14023, 0.015], [6.85364, 0.01]], [[0.58257, 0.975], [0.87386, 0.015], [1.16515, 0.01]], [[44.41592, 0.975], [66.62389, 0.015], [88.83185, 0.01]], [[92.24622, 0.975], [138.36933, 0.015], [184.49244, 0.01]], [[13.73307, 0.975], [20.59961, 0.015], [27.46614, 0.01]]]

T=[[[1, 0.01], [2, 0.99]], [[5, 0.01], [8, 0.015], [10, 0.975]], [[5, 0.01], [8, 0.015], [10, 0.975]], [[100, 0.01], [150, 0.015], [200, 0.975]], [[100, 0.01], [150, 0.015], [200, 0.975]], [[100, 0.01], [150, 0.015], [200, 0.975]], [[500, 0.01], [750, 0.015], [1000, 0.975]], [[500, 0.01], [750, 0.015], [1000, 0.975]], [[1000, 0.01], [1500, 0.015], [2000, 0.975]], [[1000, 0.01], [1500, 0.015], [2000, 0.975]]]
C=[[[0.11631, 0.975], [0.17446, 0.015], [0.23261, 0.01]], [[0.25649, 0.975], [0.38474, 0.015], [0.51299, 0.01]], [[0.1116, 0.975], [0.1674, 0.015], [0.22321, 0.01]], [[3.21784, 0.975], [4.82676, 0.015], [6.43569, 0.01]], [[1.81266, 0.975], [2.71899, 0.015], [3.62532, 0.01]], [[2.34592, 0.975], [3.51888, 0.015], [4.69184, 0.01]], [[20.66683, 0.975], [31.00025, 0.015], [41.33367, 0.01]], [[21.08431, 0.975], [31.62646, 0.015], [42.16862, 0.01]], [[101.53575, 0.975], [152.30362, 0.015], [203.0715, 0.01]], [[51.27352, 0.975], [76.91027, 0.015], [102.54703, 0.01]]]

T=[[[5, 0.01], [8, 0.015], [10, 0.975]], [[10, 0.01], [15, 0.015], [20, 0.975]], [[20, 0.01], [30, 0.015], [40, 0.975]], [[20, 0.01], [30, 0.015], [40, 0.975]], [[20, 0.01], [30, 0.015], [40, 0.975]], [[50, 0.01], [75, 0.015], [100, 0.975]], [[100, 0.01], [150, 0.015], [200, 0.975]], [[200, 0.01], [300, 0.015], [400, 0.975]], [[200, 0.01], [300, 0.015], [400, 0.975]], [[500, 0.01], [750, 0.015], [1000, 0.975]]]
C=[[[0.20693, 0.975], [0.31039, 0.015], [0.41386, 0.01]], [[0.13561, 0.975], [0.20342, 0.015], [0.27123, 0.01]], [[0.21466, 0.975], [0.32199, 0.015], [0.42932, 0.01]], [[1.30178, 0.975], [1.95267, 0.015], [2.60356, 0.01]], [[1.05758, 0.975], [1.58637, 0.015], [2.11517, 0.01]], [[0.38688, 0.975], [0.58032, 0.015], [0.77376, 0.01]], [[4.10096, 0.975], [6.15143, 0.015], [8.20191, 0.01]], [[23.3474, 0.975], [35.0211, 0.015], [46.6948, 0.01]], [[1.67163, 0.975], [2.50744, 0.015], [3.34326, 0.01]], [[71.25467, 0.975], [106.88201, 0.015], [142.50934, 0.01]]]

T=[[[1, 0.01], [2, 0.99]], [[5, 0.01], [8, 0.015], [10, 0.975]], [[20, 0.01], [30, 0.015], [40, 0.975]], [[50, 0.01], [75, 0.015], [100, 0.975]], [[100, 0.01], [150, 0.015], [200, 0.975]], [[100, 0.01], [150, 0.015], [200, 0.975]], [[200, 0.01], [300, 0.015], [400, 0.975]], [[500, 0.01], [750, 0.015], [1000, 0.975]], [[500, 0.01], [750, 0.015], [1000, 0.975]], [[500, 0.01], [750, 0.015], [1000, 0.975]]]
C=[[[0.06594, 0.975], [0.09891, 0.015], [0.13188, 0.01]], [[1.40034, 0.975], [2.1005, 0.015], [2.80067, 0.01]], [[0.53488, 0.975], [0.80232, 0.015], [1.06976, 0.01]], [[0.68678, 0.975], [1.03017, 0.015], [1.37356, 0.01]], [[0.98136, 0.975], [1.47205, 0.015], [1.96273, 0.01]], [[2.90533, 0.975], [4.358, 0.015], [5.81067, 0.01]], [[2.31243, 0.975], [3.46864, 0.015], [4.62486, 0.01]], [[19.33501, 0.975], [29.00252, 0.015], [38.67003, 0.01]], [[5.91423, 0.975], [8.87134, 0.015], [11.82845, 0.01]], [[6.29197, 0.975], [9.43796, 0.015], [12.58395, 0.01]]]

T=[[[1, 0.01], [2, 0.99]], [[5, 0.01], [8, 0.015], [10, 0.975]], [[20, 0.01], [30, 0.015], [40, 0.975]], [[50, 0.01], [75, 0.015], [100, 0.975]], [[100, 0.01], [150, 0.015], [200, 0.975]], [[100, 0.01], [150, 0.015], [200, 0.975]], [[100, 0.01], [150, 0.015], [200, 0.975]], [[200, 0.01], [300, 0.015], [400, 0.975]], [[1000, 0.01], [1500, 0.015], [2000, 0.975]], [[1000, 0.01], [1500, 0.015], [2000, 0.975]]]
C=[[[0.08076, 0.975], [0.12115, 0.015], [0.16153, 0.01]], [[0.03345, 0.975], [0.05017, 0.015], [0.0669, 0.01]], [[0.45708, 0.975], [0.68561, 0.015], [0.91415, 0.01]], [[0.11482, 0.975], [0.17224, 0.015], [0.22965, 0.01]], [[3.56073, 0.975], [5.3411, 0.015], [7.12147, 0.01]], [[11.60094, 0.975], [17.4014, 0.015], [23.20187, 0.01]], [[1.45462, 0.975], [2.18193, 0.015], [2.90924, 0.01]], [[21.94407, 0.975], [32.9161, 0.015], [43.88813, 0.01]], [[37.45294, 0.975], [56.17942, 0.015], [74.90589, 0.01]], [[74.05894, 0.975], [111.08841, 0.015], [148.11788, 0.01]]]

T=[[[1, 0.01], [2, 0.99]], [[10, 0.01], [15, 0.015], [20, 0.975]], [[10, 0.01], [15, 0.015], [20, 0.975]], [[20, 0.01], [30, 0.015], [40, 0.975]], [[20, 0.01], [30, 0.015], [40, 0.975]], [[50, 0.01], [75, 0.015], [100, 0.975]], [[100, 0.01], [150, 0.015], [200, 0.975]], [[100, 0.01], [150, 0.015], [200, 0.975]], [[1000, 0.01], [1500, 0.015], [2000, 0.975]], [[1000, 0.01], [1500, 0.015], [2000, 0.975]]]
C=[[[0.00644, 0.975], [0.00967, 0.015], [0.01289, 0.01]], [[0.43032, 0.975], [0.64548, 0.015], [0.86064, 0.01]], [[0.43723, 0.975], [0.65585, 0.015], [0.87446, 0.01]], [[0.18978, 0.975], [0.28467, 0.015], [0.37956, 0.01]], [[2.1879, 0.975], [3.28184, 0.015], [4.37579, 0.01]], [[0.60017, 0.975], [0.90025, 0.015], [1.20034, 0.01]], [[18.43263, 0.975], [27.64894, 0.015], [36.86525, 0.01]], [[1.01732, 0.975], [1.52598, 0.015], [2.03464, 0.01]], [[52.55139, 0.975], [78.82709, 0.015], [105.10279, 0.01]], [[28.86264, 0.975], [43.29395, 0.015], [57.72527, 0.01]]]

T=[[[1, 0.01], [2, 0.99]], [[1, 0.01], [2, 0.99]], [[5, 0.01], [8, 0.015], [10, 0.975]], [[5, 0.01], [8, 0.015], [10, 0.975]], [[10, 0.01], [15, 0.015], [20, 0.975]], [[10, 0.01], [15, 0.015], [20, 0.975]], [[20, 0.01], [30, 0.015], [40, 0.975]], [[50, 0.01], [75, 0.015], [100, 0.975]], [[200, 0.01], [300, 0.015], [400, 0.975]], [[200, 0.01], [300, 0.015], [400, 0.975]]]
C=[[[0.02859, 0.975], [0.04289, 0.015], [0.05719, 0.01]], [[0.03828, 0.975], [0.05742, 0.015], [0.07657, 0.01]], [[0.68779, 0.975], [1.03169, 0.015], [1.37559, 0.01]], [[0.52102, 0.975], [0.78153, 0.015], [1.04204, 0.01]], [[0.02447, 0.975], [0.03671, 0.015], [0.04894, 0.01]], [[1.29888, 0.975], [1.94833, 0.015], [2.59777, 0.01]], [[0.38737, 0.975], [0.58105, 0.015], [0.77474, 0.01]], [[1.48561, 0.975], [2.22842, 0.015], [2.97123, 0.01]], [[0.23766, 0.975], [0.35648, 0.015], [0.47531, 0.01]], [[1.75098, 0.975], [2.62647, 0.015], [3.50196, 0.01]]]

T=[[[2, 0.01], [3, 0.015], [4, 0.975]], [[2, 0.01], [3, 0.015], [4, 0.975]], [[10, 0.01], [15, 0.015], [20, 0.975]], [[50, 0.01], [75, 0.015], [100, 0.975]], [[50, 0.01], [75, 0.015], [100, 0.975]], [[50, 0.01], [75, 0.015], [100, 0.975]], [[100, 0.01], [150, 0.015], [200, 0.975]], [[100, 0.01], [150, 0.015], [200, 0.975]], [[500, 0.01], [750, 0.015], [1000, 0.975]], [[500, 0.01], [750, 0.015], [1000, 0.975]]]
C=[[[0.17255, 0.975], [0.25882, 0.015], [0.3451, 0.01]], [[0.00999, 0.975], [0.01498, 0.015], [0.01998, 0.01]], [[0.01696, 0.975], [0.02544, 0.015], [0.03392, 0.01]], [[5.23839, 0.975], [7.85758, 0.015], [10.47678, 0.01]], [[1.38136, 0.975], [2.07204, 0.015], [2.76272, 0.01]], [[0.97671, 0.975], [1.46506, 0.015], [1.95341, 0.01]], [[0.35299, 0.975], [0.52948, 0.015], [0.70597, 0.01]], [[18.14696, 0.975], [27.22044, 0.015], [36.29393, 0.01]], [[26.85702, 0.975], [40.28552, 0.015], [53.71403, 0.01]], [[8.19638, 0.975], [12.29457, 0.015], [16.39276, 0.01]]]

T=[[[1, 0.01], [2, 0.99]], [[2, 0.01], [3, 0.015], [4, 0.975]], [[2, 0.01], [3, 0.015], [4, 0.975]], [[5, 0.01], [8, 0.015], [10, 0.975]], [[5, 0.01], [8, 0.015], [10, 0.975]], [[5, 0.01], [8, 0.015], [10, 0.975]], [[10, 0.01], [15, 0.015], [20, 0.975]], [[20, 0.01], [30, 0.015], [40, 0.975]], [[50, 0.01], [75, 0.015], [100, 0.975]], [[50, 0.01], [75, 0.015], [100, 0.975]]]
C=[[[0.00476, 0.975], [0.00713, 0.015], [0.00951, 0.01]], [[0.08783, 0.975], [0.13175, 0.015], [0.17567, 0.01]], [[0.01763, 0.975], [0.02644, 0.015], [0.03525, 0.01]], [[0.0126, 0.975], [0.01891, 0.015], [0.02521, 0.01]], [[0.09991, 0.975], [0.14987, 0.015], [0.19982, 0.01]], [[0.09566, 0.975], [0.14349, 0.015], [0.19132, 0.01]], [[0.16356, 0.975], [0.24535, 0.015], [0.32713, 0.01]], [[0.89799, 0.975], [1.34699, 0.015], [1.79598, 0.01]], [[13.90103, 0.975], [20.85154, 0.015], [27.80206, 0.01]], [[3.08022, 0.975], [4.62033, 0.015], [6.16044, 0.01]]]

T=[[[1, 0.01], [2, 0.99]], [[1, 0.01], [2, 0.99]], [[5, 0.01], [8, 0.015], [10, 0.975]], [[10, 0.01], [15, 0.015], [20, 0.975]], [[20, 0.01], [30, 0.015], [40, 0.975]], [[100, 0.01], [150, 0.015], [200, 0.975]], [[100, 0.01], [150, 0.015], [200, 0.975]], [[100, 0.01], [150, 0.015], [200, 0.975]], [[200, 0.01], [300, 0.015], [400, 0.975]], [[1000, 0.01], [1500, 0.015], [2000, 0.975]]]
C=[[[0.07085, 0.975], [0.10627, 0.015], [0.14169, 0.01]], [[0.00148, 0.975], [0.00222, 0.015], [0.00296, 0.01]], [[0.05437, 0.975], [0.08155, 0.015], [0.10873, 0.01]], [[0.62961, 0.975], [0.94442, 0.015], [1.25923, 0.01]], [[0.48665, 0.975], [0.72998, 0.015], [0.9733, 0.01]], [[3.2444, 0.975], [4.8666, 0.015], [6.48881, 0.01]], [[2.96641, 0.975], [4.44961, 0.015], [5.93281, 0.01]], [[1.58981, 0.975], [2.38472, 0.015], [3.17963, 0.01]], [[5.68932, 0.975], [8.53399, 0.015], [11.37865, 0.01]], [[223.05573, 0.975], [334.5836, 0.015], [446.11146, 0.01]]]

T=[[[2, 0.01], [3, 0.015], [4, 0.975]], [[5, 0.01], [8, 0.015], [10, 0.975]], [[5, 0.01], [8, 0.015], [10, 0.975]], [[10, 0.01], [15, 0.015], [20, 0.975]], [[10, 0.01], [15, 0.015], [20, 0.975]], [[50, 0.01], [75, 0.015], [100, 0.975]], [[200, 0.01], [300, 0.015], [400, 0.975]], [[500, 0.01], [750, 0.015], [1000, 0.975]], [[500, 0.01], [750, 0.015], [1000, 0.975]], [[1000, 0.01], [1500, 0.015], [2000, 0.975]]]
C=[[[0.1308, 0.975], [0.1962, 0.015], [0.2616, 0.01]], [[0.24238, 0.975], [0.36356, 0.015], [0.48475, 0.01]], [[0.76468, 0.975], [1.14701, 0.015], [1.52935, 0.01]], [[0.56829, 0.975], [0.85244, 0.015], [1.13659, 0.01]], [[0.1276, 0.975], [0.1914, 0.015], [0.25521, 0.01]], [[0.3463, 0.975], [0.51945, 0.015], [0.6926, 0.01]], [[4.31865, 0.975], [6.47797, 0.015], [8.63729, 0.01]], [[17.98304, 0.975], [26.97456, 0.015], [35.96608, 0.01]], [[23.07559, 0.975], [34.61338, 0.015], [46.15117, 0.01]], [[52.9628, 0.975], [79.44421, 0.015], [105.92561, 0.01]]]

T=[[[1, 0.01], [2, 0.99]], [[2, 0.01], [3, 0.015], [4, 0.975]], [[2, 0.01], [3, 0.015], [4, 0.975]], [[2, 0.01], [3, 0.015], [4, 0.975]], [[5, 0.01], [8, 0.015], [10, 0.975]], [[10, 0.01], [15, 0.015], [20, 0.975]], [[50, 0.01], [75, 0.015], [100, 0.975]], [[100, 0.01], [150, 0.015], [200, 0.975]], [[100, 0.01], [150, 0.015], [200, 0.975]], [[200, 0.01], [300, 0.015], [400, 0.975]]]
C=[[[0.2041, 0.975], [0.30615, 0.015], [0.4082, 0.01]], [[0.02389, 0.975], [0.03583, 0.015], [0.04777, 0.01]], [[0.09495, 0.975], [0.14243, 0.015], [0.18991, 0.01]], [[0.01762, 0.975], [0.02643, 0.015], [0.03523, 0.01]], [[0.08146, 0.975], [0.12219, 0.015], [0.16292, 0.01]], [[0.9164, 0.975], [1.3746, 0.015], [1.8328, 0.01]], [[0.00387, 0.975], [0.00581, 0.015], [0.00774, 0.01]], [[4.54561, 0.975], [6.81842, 0.015], [9.09123, 0.01]], [[5.36746, 0.975], [8.05119, 0.015], [10.73492, 0.01]], [[4.10643, 0.975], [6.15965, 0.015], [8.21286, 0.01]]]

T=[[[5, 0.01], [8, 0.015], [10, 0.975]], [[10, 0.01], [15, 0.015], [20, 0.975]], [[10, 0.01], [15, 0.015], [20, 0.975]], [[20, 0.01], [30, 0.015], [40, 0.975]], [[20, 0.01], [30, 0.015], [40, 0.975]], [[100, 0.01], [150, 0.015], [200, 0.975]], [[500, 0.01], [750, 0.015], [1000, 0.975]], [[500, 0.01], [750, 0.015], [1000, 0.975]], [[1000, 0.01], [1500, 0.015], [2000, 0.975]], [[1000, 0.01], [1500, 0.015], [2000, 0.975]]]
C=[[[0.05939, 0.975], [0.08908, 0.015], [0.11878, 0.01]], [[0.44193, 0.975], [0.66289, 0.015], [0.88386, 0.01]], [[0.37896, 0.975], [0.56844, 0.015], [0.75792, 0.01]], [[1.64829, 0.975], [2.47243, 0.015], [3.29658, 0.01]], [[0.59246, 0.975], [0.88868, 0.015], [1.18491, 0.01]], [[7.51088, 0.975], [11.26632, 0.015], [15.02176, 0.01]], [[25.87911, 0.975], [38.81866, 0.015], [51.75822, 0.01]], [[7.08187, 0.975], [10.62281, 0.015], [14.16374, 0.01]], [[95.99038, 0.975], [143.98557, 0.015], [191.98075, 0.01]], [[56.97511, 0.975], [85.46267, 0.015], [113.95022, 0.01]]]

T=[[[1, 0.01], [2, 0.99]], [[5, 0.01], [8, 0.015], [10, 0.975]], [[5, 0.01], [8, 0.015], [10, 0.975]], [[5, 0.01], [8, 0.015], [10, 0.975]], [[5, 0.01], [8, 0.015], [10, 0.975]], [[5, 0.01], [8, 0.015], [10, 0.975]], [[10, 0.01], [15, 0.015], [20, 0.975]], [[10, 0.01], [15, 0.015], [20, 0.975]], [[50, 0.01], [75, 0.015], [100, 0.975]], [[200, 0.01], [300, 0.015], [400, 0.975]]]
C=[[[0.19891, 0.975], [0.29836, 0.015], [0.39781, 0.01]], [[0.45185, 0.975], [0.67778, 0.015], [0.90371, 0.01]], [[0.13901, 0.975], [0.20852, 0.015], [0.27803, 0.01]], [[0.00481, 0.975], [0.00722, 0.015], [0.00963, 0.01]], [[0.13446, 0.975], [0.20168, 0.015], [0.26891, 0.01]], [[0.00559, 0.975], [0.00839, 0.015], [0.01119, 0.01]], [[0.49578, 0.975], [0.74367, 0.015], [0.99157, 0.01]], [[0.17267, 0.975], [0.25901, 0.015], [0.34534, 0.01]], [[0.31676, 0.975], [0.47513, 0.015], [0.63351, 0.01]], [[16.15324, 0.975], [24.22985, 0.015], [32.30647, 0.01]]]

T=[[[2, 0.01], [3, 0.015], [4, 0.975]], [[5, 0.01], [8, 0.015], [10, 0.975]], [[5, 0.01], [8, 0.015], [10, 0.975]], [[20, 0.01], [30, 0.015], [40, 0.975]], [[20, 0.01], [30, 0.015], [40, 0.975]], [[100, 0.01], [150, 0.015], [200, 0.975]], [[100, 0.01], [150, 0.015], [200, 0.975]], [[200, 0.01], [300, 0.015], [400, 0.975]], [[1000, 0.01], [1500, 0.015], [2000, 0.975]], [[1000, 0.01], [1500, 0.015], [2000, 0.975]]]
C=[[[0.03475, 0.975], [0.05212, 0.015], [0.06949, 0.01]], [[0.02702, 0.975], [0.04053, 0.015], [0.05404, 0.01]], [[0.01509, 0.975], [0.02263, 0.015], [0.03018, 0.01]], [[4.09118, 0.975], [6.13677, 0.015], [8.18236, 0.01]], [[2.55042, 0.975], [3.82563, 0.015], [5.10084, 0.01]], [[1.76027, 0.975], [2.6404, 0.015], [3.52053, 0.01]], [[3.06712, 0.975], [4.60068, 0.015], [6.13424, 0.01]], [[11.52557, 0.975], [17.28836, 0.015], [23.05115, 0.01]], [[8.09583, 0.975], [12.14375, 0.015], [16.19167, 0.01]], [[28.12725, 0.975], [42.19088, 0.015], [56.2545, 0.01]]]

T=[[[2, 0.01], [3, 0.015], [4, 0.975]], [[5, 0.01], [8, 0.015], [10, 0.975]], [[5, 0.01], [8, 0.015], [10, 0.975]], [[5, 0.01], [8, 0.015], [10, 0.975]], [[10, 0.01], [15, 0.015], [20, 0.975]], [[10, 0.01], [15, 0.015], [20, 0.975]], [[50, 0.01], [75, 0.015], [100, 0.975]], [[100, 0.01], [150, 0.015], [200, 0.975]], [[200, 0.01], [300, 0.015], [400, 0.975]], [[200, 0.01], [300, 0.015], [400, 0.975]]]
C=[[[0.0539, 0.975], [0.08086, 0.015], [0.10781, 0.01]], [[0.17538, 0.975], [0.26306, 0.015], [0.35075, 0.01]], [[0.1306, 0.975], [0.1959, 0.015], [0.2612, 0.01]], [[0.98557, 0.975], [1.47835, 0.015], [1.97114, 0.01]], [[0.8878, 0.975], [1.3317, 0.015], [1.7756, 0.01]], [[0.01491, 0.975], [0.02236, 0.015], [0.02981, 0.01]], [[2.15481, 0.975], [3.23221, 0.015], [4.30962, 0.01]], [[2.61843, 0.975], [3.92765, 0.015], [5.23686, 0.01]], [[8.90105, 0.975], [13.35157, 0.015], [17.8021, 0.01]], [[2.13655, 0.975], [3.20483, 0.015], [4.27311, 0.01]]]

T=[[[1, 0.01], [2, 0.99]], [[1, 0.01], [2, 0.99]], [[1, 0.01], [2, 0.99]], [[2, 0.01], [3, 0.015], [4, 0.975]], [[5, 0.01], [8, 0.015], [10, 0.975]], [[10, 0.01], [15, 0.015], [20, 0.975]], [[10, 0.01], [15, 0.015], [20, 0.975]], [[20, 0.01], [30, 0.015], [40, 0.975]], [[50, 0.01], [75, 0.015], [100, 0.975]], [[200, 0.01], [300, 0.015], [400, 0.975]]]
C=[[[0.12639, 0.975], [0.18958, 0.015], [0.25277, 0.01]], [[0.04851, 0.975], [0.07277, 0.015], [0.09702, 0.01]], [[0.04346, 0.975], [0.06519, 0.015], [0.08691, 0.01]], [[0.00263, 0.975], [0.00395, 0.015], [0.00526, 0.01]], [[0.18857, 0.975], [0.28286, 0.015], [0.37714, 0.01]], [[0.19328, 0.975], [0.28993, 0.015], [0.38657, 0.01]], [[0.29966, 0.975], [0.44949, 0.015], [0.59932, 0.01]], [[0.67354, 0.975], [1.01031, 0.015], [1.34708, 0.01]], [[1.52465, 0.975], [2.28697, 0.015], [3.04929, 0.01]], [[25.83059, 0.975], [38.74589, 0.015], [51.66118, 0.01]]]

T=[[[1, 0.01], [2, 0.99]], [[2, 0.01], [3, 0.015], [4, 0.975]], [[5, 0.01], [8, 0.015], [10, 0.975]], [[10, 0.01], [15, 0.015], [20, 0.975]], [[10, 0.01], [15, 0.015], [20, 0.975]], [[100, 0.01], [150, 0.015], [200, 0.975]], [[200, 0.01], [300, 0.015], [400, 0.975]], [[500, 0.01], [750, 0.015], [1000, 0.975]], [[1000, 0.01], [1500, 0.015], [2000, 0.975]], [[1000, 0.01], [1500, 0.015], [2000, 0.975]]]
C=[[[0.01262, 0.975], [0.01893, 0.015], [0.02524, 0.01]], [[0.0566, 0.975], [0.0849, 0.015], [0.1132, 0.01]], [[0.55645, 0.975], [0.83468, 0.015], [1.1129, 0.01]], [[0.30953, 0.975], [0.46429, 0.015], [0.61906, 0.01]], [[0.41322, 0.975], [0.61983, 0.015], [0.82643, 0.01]], [[3.23202, 0.975], [4.84803, 0.015], [6.46404, 0.01]], [[3.91182, 0.975], [5.86772, 0.015], [7.82363, 0.01]], [[37.76181, 0.975], [56.64272, 0.015], [75.52363, 0.01]], [[70.97526, 0.975], [106.46289, 0.015], [141.95052, 0.01]], [[77.13791, 0.975], [115.70686, 0.015], [154.27581, 0.01]]]

T=[[[2, 0.01], [3, 0.015], [4, 0.975]], [[2, 0.01], [3, 0.015], [4, 0.975]], [[2, 0.01], [3, 0.015], [4, 0.975]], [[10, 0.01], [15, 0.015], [20, 0.975]], [[50, 0.01], [75, 0.015], [100, 0.975]], [[100, 0.01], [150, 0.015], [200, 0.975]], [[100, 0.01], [150, 0.015], [200, 0.975]], [[200, 0.01], [300, 0.015], [400, 0.975]], [[200, 0.01], [300, 0.015], [400, 0.975]], [[500, 0.01], [750, 0.015], [1000, 0.975]]]
C=[[[0.05218, 0.975], [0.07827, 0.015], [0.10436, 0.01]], [[0.07082, 0.975], [0.10622, 0.015], [0.14163, 0.01]], [[0.01886, 0.975], [0.02828, 0.015], [0.03771, 0.01]], [[0.01712, 0.975], [0.02567, 0.015], [0.03423, 0.01]], [[3.66006, 0.975], [5.49009, 0.015], [7.32012, 0.01]], [[6.78033, 0.975], [10.1705, 0.015], [13.56066, 0.01]], [[7.09272, 0.975], [10.63908, 0.015], [14.18543, 0.01]], [[27.18556, 0.975], [40.77835, 0.015], [54.37113, 0.01]], [[11.8353, 0.975], [17.75296, 0.015], [23.67061, 0.01]], [[10.1637, 0.975], [15.24555, 0.015], [20.3274, 0.01]]]

T=[[[1, 0.01], [2, 0.99]], [[2, 0.01], [3, 0.015], [4, 0.975]], [[5, 0.01], [8, 0.015], [10, 0.975]], [[10, 0.01], [15, 0.015], [20, 0.975]], [[20, 0.01], [30, 0.015], [40, 0.975]], [[20, 0.01], [30, 0.015], [40, 0.975]], [[50, 0.01], [75, 0.015], [100, 0.975]], [[500, 0.01], [750, 0.015], [1000, 0.975]], [[1000, 0.01], [1500, 0.015], [2000, 0.975]], [[1000, 0.01], [1500, 0.015], [2000, 0.975]]]
C=[[[0.09869, 0.975], [0.14804, 0.015], [0.19738, 0.01]], [[0.29239, 0.975], [0.43859, 0.015], [0.58479, 0.01]], [[0.40254, 0.975], [0.6038, 0.015], [0.80507, 0.01]], [[0.12614, 0.975], [0.18922, 0.015], [0.25229, 0.01]], [[0.02901, 0.975], [0.04352, 0.015], [0.05802, 0.01]], [[0.74629, 0.975], [1.11944, 0.015], [1.49259, 0.01]], [[0.36727, 0.975], [0.55091, 0.015], [0.73455, 0.01]], [[13.1731, 0.975], [19.75964, 0.015], [26.34619, 0.01]], [[73.94881, 0.975], [110.92321, 0.015], [147.89761, 0.01]], [[15.58536, 0.975], [23.37804, 0.015], [31.17071, 0.01]]]

T=[[[2, 0.01], [3, 0.015], [4, 0.975]], [[2, 0.01], [3, 0.015], [4, 0.975]], [[5, 0.01], [8, 0.015], [10, 0.975]], [[50, 0.01], [75, 0.015], [100, 0.975]], [[100, 0.01], [150, 0.015], [200, 0.975]], [[100, 0.01], [150, 0.015], [200, 0.975]], [[200, 0.01], [300, 0.015], [400, 0.975]], [[200, 0.01], [300, 0.015], [400, 0.975]], [[500, 0.01], [750, 0.015], [1000, 0.975]], [[1000, 0.01], [1500, 0.015], [2000, 0.975]]]
C=[[[0.09997, 0.975], [0.14996, 0.015], [0.19995, 0.01]], [[0.24236, 0.975], [0.36354, 0.015], [0.48471, 0.01]], [[0.44562, 0.975], [0.66843, 0.015], [0.89124, 0.01]], [[2.28117, 0.975], [3.42176, 0.015], [4.56234, 0.01]], [[3.78157, 0.975], [5.67236, 0.015], [7.56315, 0.01]], [[1.26659, 0.975], [1.89989, 0.015], [2.53319, 0.01]], [[19.56669, 0.975], [29.35003, 0.015], [39.13337, 0.01]], [[0.46073, 0.975], [0.6911, 0.015], [0.92147, 0.01]], [[1.08494, 0.975], [1.62741, 0.015], [2.16988, 0.01]], [[41.29802, 0.975], [61.94703, 0.015], [82.59604, 0.01]]]

T=[[[1, 0.01], [2, 0.99]], [[1, 0.01], [2, 0.99]], [[1, 0.01], [2, 0.99]], [[2, 0.01], [3, 0.015], [4, 0.975]], [[20, 0.01], [30, 0.015], [40, 0.975]], [[50, 0.01], [75, 0.015], [100, 0.975]], [[50, 0.01], [75, 0.015], [100, 0.975]], [[100, 0.01], [150, 0.015], [200, 0.975]], [[100, 0.01], [150, 0.015], [200, 0.975]], [[1000, 0.01], [1500, 0.015], [2000, 0.975]]]
C=[[[0.05431, 0.975], [0.08146, 0.015], [0.10862, 0.01]], [[0.0136, 0.975], [0.0204, 0.015], [0.0272, 0.01]], [[0.09983, 0.975], [0.14974, 0.015], [0.19966, 0.01]], [[0.0857, 0.975], [0.12855, 0.015], [0.1714, 0.01]], [[1.63754, 0.975], [2.45632, 0.015], [3.27509, 0.01]], [[0.30606, 0.975], [0.45908, 0.015], [0.61211, 0.01]], [[1.27612, 0.975], [1.91418, 0.015], [2.55224, 0.01]], [[0.66172, 0.975], [0.99258, 0.015], [1.32344, 0.01]], [[0.26066, 0.975], [0.391, 0.015], [0.52133, 0.01]], [[166.66541, 0.975], [249.99811, 0.015], [333.33081, 0.01]]]

T=[[[1, 0.01], [2, 0.99]], [[2, 0.01], [3, 0.015], [4, 0.975]], [[5, 0.01], [8, 0.015], [10, 0.975]], [[5, 0.01], [8, 0.015], [10, 0.975]], [[10, 0.01], [15, 0.015], [20, 0.975]], [[100, 0.01], [150, 0.015], [200, 0.975]], [[100, 0.01], [150, 0.015], [200, 0.975]], [[500, 0.01], [750, 0.015], [1000, 0.975]], [[1000, 0.01], [1500, 0.015], [2000, 0.975]], [[1000, 0.01], [1500, 0.015], [2000, 0.975]]]
C=[[[0.05725, 0.975], [0.08587, 0.015], [0.1145, 0.01]], [[0.01883, 0.975], [0.02825, 0.015], [0.03767, 0.01]], [[0.45018, 0.975], [0.67527, 0.015], [0.90036, 0.01]], [[0.59856, 0.975], [0.89783, 0.015], [1.19711, 0.01]], [[0.39981, 0.975], [0.59972, 0.015], [0.79963, 0.01]], [[2.24842, 0.975], [3.37262, 0.015], [4.49683, 0.01]], [[0.93349, 0.975], [1.40024, 0.015], [1.86699, 0.01]], [[25.56119, 0.975], [38.34178, 0.015], [51.12238, 0.01]], [[45.89832, 0.975], [68.84747, 0.015], [91.79663, 0.01]], [[54.76716, 0.975], [82.15073, 0.015], [109.53431, 0.01]]]

T=[[[1, 0.01], [2, 0.99]], [[2, 0.01], [3, 0.015], [4, 0.975]], [[2, 0.01], [3, 0.015], [4, 0.975]], [[2, 0.01], [3, 0.015], [4, 0.975]], [[10, 0.01], [15, 0.015], [20, 0.975]], [[10, 0.01], [15, 0.015], [20, 0.975]], [[20, 0.01], [30, 0.015], [40, 0.975]], [[50, 0.01], [75, 0.015], [100, 0.975]], [[100, 0.01], [150, 0.015], [200, 0.975]], [[200, 0.01], [300, 0.015], [400, 0.975]]]
C=[[[0.0001, 0.975], [0.00015, 0.015], [0.0002, 0.01]], [[0.2367, 0.975], [0.35505, 0.015], [0.4734, 0.01]], [[0.26531, 0.975], [0.39797, 0.015], [0.53062, 0.01]], [[0.0, 0.975], [1e-05, 0.015], [1e-05, 0.01]], [[0.6919, 0.975], [1.03784, 0.015], [1.38379, 0.01]], [[0.23361, 0.975], [0.35041, 0.015], [0.46721, 0.01]], [[0.26049, 0.975], [0.39073, 0.015], [0.52097, 0.01]], [[0.13196, 0.975], [0.19794, 0.015], [0.26392, 0.01]], [[12.96237, 0.975], [19.44355, 0.015], [25.92474, 0.01]], [[2.2107, 0.975], [3.31606, 0.015], [4.42141, 0.01]]]

T=[[[2, 0.01], [3, 0.015], [4, 0.975]], [[2, 0.01], [3, 0.015], [4, 0.975]], [[5, 0.01], [8, 0.015], [10, 0.975]], [[5, 0.01], [8, 0.015], [10, 0.975]], [[10, 0.01], [15, 0.015], [20, 0.975]], [[200, 0.01], [300, 0.015], [400, 0.975]], [[200, 0.01], [300, 0.015], [400, 0.975]], [[200, 0.01], [300, 0.015], [400, 0.975]], [[500, 0.01], [750, 0.015], [1000, 0.975]], [[500, 0.01], [750, 0.015], [1000, 0.975]]]
C=[[[0.22059, 0.975], [0.33088, 0.015], [0.44117, 0.01]], [[0.08449, 0.975], [0.12673, 0.015], [0.16897, 0.01]], [[0.36618, 0.975], [0.54927, 0.015], [0.73236, 0.01]], [[0.18271, 0.975], [0.27407, 0.015], [0.36543, 0.01]], [[1.15579, 0.975], [1.73368, 0.015], [2.31158, 0.01]], [[7.38324, 0.975], [11.07487, 0.015], [14.76649, 0.01]], [[1.04856, 0.975], [1.57284, 0.015], [2.09712, 0.01]], [[1.79649, 0.975], [2.69474, 0.015], [3.59298, 0.01]], [[9.47535, 0.975], [14.21303, 0.015], [18.95071, 0.01]], [[26.00709, 0.975], [39.01064, 0.015], [52.01419, 0.01]]]

T=[[[1, 0.01], [2, 0.99]], [[1, 0.01], [2, 0.99]], [[1, 0.01], [2, 0.99]], [[5, 0.01], [8, 0.015], [10, 0.975]], [[10, 0.01], [15, 0.015], [20, 0.975]], [[10, 0.01], [15, 0.015], [20, 0.975]], [[20, 0.01], [30, 0.015], [40, 0.975]], [[50, 0.01], [75, 0.015], [100, 0.975]], [[100, 0.01], [150, 0.015], [200, 0.975]], [[200, 0.01], [300, 0.015], [400, 0.975]]]
C=[[[0.03525, 0.975], [0.05288, 0.015], [0.07051, 0.01]], [[0.01981, 0.975], [0.02971, 0.015], [0.03962, 0.01]], [[0.05404, 0.975], [0.08106, 0.015], [0.10809, 0.01]], [[0.19617, 0.975], [0.29426, 0.015], [0.39234, 0.01]], [[0.55205, 0.975], [0.82808, 0.015], [1.10411, 0.01]], [[0.17066, 0.975], [0.256, 0.015], [0.34133, 0.01]], [[2.29894, 0.975], [3.44841, 0.015], [4.59789, 0.01]], [[3.38313, 0.975], [5.0747, 0.015], [6.76627, 0.01]], [[6.39741, 0.975], [9.59612, 0.015], [12.79483, 0.01]], [[6.5606, 0.975], [9.8409, 0.015], [13.1212, 0.01]]]

T=[[[1, 0.01], [2, 0.99]], [[2, 0.01], [3, 0.015], [4, 0.975]], [[2, 0.01], [3, 0.015], [4, 0.975]], [[5, 0.01], [8, 0.015], [10, 0.975]], [[10, 0.01], [15, 0.015], [20, 0.975]], [[20, 0.01], [30, 0.015], [40, 0.975]], [[50, 0.01], [75, 0.015], [100, 0.975]], [[500, 0.01], [750, 0.015], [1000, 0.975]], [[500, 0.01], [750, 0.015], [1000, 0.975]], [[1000, 0.01], [1500, 0.015], [2000, 0.975]]]
C=[[[0.00377, 0.975], [0.00566, 0.015], [0.00755, 0.01]], [[0.01085, 0.975], [0.01628, 0.015], [0.0217, 0.01]], [[0.2813, 0.975], [0.42194, 0.015], [0.56259, 0.01]], [[0.18576, 0.975], [0.27864, 0.015], [0.37152, 0.01]], [[0.54385, 0.975], [0.81578, 0.015], [1.08771, 0.01]], [[0.44835, 0.975], [0.67253, 0.015], [0.89671, 0.01]], [[1.80357, 0.975], [2.70536, 0.015], [3.60714, 0.01]], [[12.83278, 0.975], [19.24917, 0.015], [25.66556, 0.01]], [[80.51544, 0.975], [120.77316, 0.015], [161.03088, 0.01]], [[13.4312, 0.975], [20.1468, 0.015], [26.8624, 0.01]]]

T=[[[1, 0.01], [2, 0.99]], [[2, 0.01], [3, 0.015], [4, 0.975]], [[2, 0.01], [3, 0.015], [4, 0.975]], [[2, 0.01], [3, 0.015], [4, 0.975]], [[50, 0.01], [75, 0.015], [100, 0.975]], [[100, 0.01], [150, 0.015], [200, 0.975]], [[100, 0.01], [150, 0.015], [200, 0.975]], [[100, 0.01], [150, 0.015], [200, 0.975]], [[100, 0.01], [150, 0.015], [200, 0.975]], [[1000, 0.01], [1500, 0.015], [2000, 0.975]]]
C=[[[0.0004, 0.975], [0.0006, 0.015], [0.00081, 0.01]], [[0.00508, 0.975], [0.00762, 0.015], [0.01016, 0.01]], [[0.25766, 0.975], [0.38649, 0.015], [0.51532, 0.01]], [[0.02663, 0.975], [0.03994, 0.015], [0.05325, 0.01]], [[0.25263, 0.975], [0.37895, 0.015], [0.50527, 0.01]], [[1.79208, 0.975], [2.68811, 0.015], [3.58415, 0.01]], [[8.91677, 0.975], [13.37516, 0.015], [17.83354, 0.01]], [[4.69607, 0.975], [7.0441, 0.015], [9.39213, 0.01]], [[2.87775, 0.975], [4.31662, 0.015], [5.75549, 0.01]], [[167.03291, 0.975], [250.54937, 0.015], [334.06582, 0.01]]]

T=[[[1, 0.01], [2, 0.99]], [[10, 0.01], [15, 0.015], [20, 0.975]], [[50, 0.01], [75, 0.015], [100, 0.975]], [[50, 0.01], [75, 0.015], [100, 0.975]], [[50, 0.01], [75, 0.015], [100, 0.975]], [[100, 0.01], [150, 0.015], [200, 0.975]], [[200, 0.01], [300, 0.015], [400, 0.975]], [[500, 0.01], [750, 0.015], [1000, 0.975]], [[1000, 0.01], [1500, 0.015], [2000, 0.975]], [[1000, 0.01], [1500, 0.015], [2000, 0.975]]]
C=[[[0.0243, 0.975], [0.03644, 0.015], [0.04859, 0.01]], [[1.19348, 0.975], [1.79022, 0.015], [2.38697, 0.01]], [[0.77188, 0.975], [1.15782, 0.015], [1.54377, 0.01]], [[1.70857, 0.975], [2.56285, 0.015], [3.41713, 0.01]], [[5.77933, 0.975], [8.669, 0.015], [11.55866, 0.01]], [[0.89767, 0.975], [1.3465, 0.015], [1.79533, 0.01]], [[2.05949, 0.975], [3.08923, 0.015], [4.11897, 0.01]], [[40.508, 0.975], [60.762, 0.015], [81.01599, 0.01]], [[79.42421, 0.975], [119.13631, 0.015], [158.84842, 0.01]], [[11.44539, 0.975], [17.16808, 0.015], [22.89078, 0.01]]]

T=[[[2, 0.01], [3, 0.015], [4, 0.975]], [[2, 0.01], [3, 0.015], [4, 0.975]], [[2, 0.01], [3, 0.015], [4, 0.975]], [[5, 0.01], [8, 0.015], [10, 0.975]], [[5, 0.01], [8, 0.015], [10, 0.975]], [[50, 0.01], [75, 0.015], [100, 0.975]], [[100, 0.01], [150, 0.015], [200, 0.975]], [[200, 0.01], [300, 0.015], [400, 0.975]], [[500, 0.01], [750, 0.015], [1000, 0.975]], [[1000, 0.01], [1500, 0.015], [2000, 0.975]]]
C=[[[0.09138, 0.975], [0.13708, 0.015], [0.18277, 0.01]], [[0.04734, 0.975], [0.07101, 0.015], [0.09468, 0.01]], [[0.01746, 0.975], [0.0262, 0.015], [0.03493, 0.01]], [[0.74668, 0.975], [1.12002, 0.015], [1.49337, 0.01]], [[0.29865, 0.975], [0.44797, 0.015], [0.5973, 0.01]], [[0.23359, 0.975], [0.35039, 0.015], [0.46719, 0.01]], [[7.03094, 0.975], [10.54641, 0.015], [14.06188, 0.01]], [[18.6776, 0.975], [28.0164, 0.015], [37.35519, 0.01]], [[21.59794, 0.975], [32.39691, 0.015], [43.19587, 0.01]], [[1.27431, 0.975], [1.91146, 0.015], [2.54862, 0.01]]]

T=[[[1, 0.01], [2, 0.99]], [[1, 0.01], [2, 0.99]], [[1, 0.01], [2, 0.99]], [[1, 0.01], [2, 0.99]], [[10, 0.01], [15, 0.015], [20, 0.975]], [[50, 0.01], [75, 0.015], [100, 0.975]], [[100, 0.01], [150, 0.015], [200, 0.975]], [[100, 0.01], [150, 0.015], [200, 0.975]], [[200, 0.01], [300, 0.015], [400, 0.975]], [[500, 0.01], [750, 0.015], [1000, 0.975]]]
C=[[[0.05537, 0.975], [0.08305, 0.015], [0.11074, 0.01]], [[0.03446, 0.975], [0.0517, 0.015], [0.06893, 0.01]], [[0.01393, 0.975], [0.0209, 0.015], [0.02786, 0.01]], [[0.10693, 0.975], [0.16039, 0.015], [0.21385, 0.01]], [[0.09522, 0.975], [0.14282, 0.015], [0.19043, 0.01]], [[0.31292, 0.975], [0.46938, 0.015], [0.62584, 0.01]], [[9.45872, 0.975], [14.18808, 0.015], [18.91744, 0.01]], [[6.15303, 0.975], [9.22954, 0.015], [12.30605, 0.01]], [[6.5482, 0.975], [9.82229, 0.015], [13.09639, 0.01]], [[42.33549, 0.975], [63.50324, 0.015], [84.67099, 0.01]]]

T=[[[2, 0.01], [3, 0.015], [4, 0.975]], [[5, 0.01], [8, 0.015], [10, 0.975]], [[10, 0.01], [15, 0.015], [20, 0.975]], [[10, 0.01], [15, 0.015], [20, 0.975]], [[20, 0.01], [30, 0.015], [40, 0.975]], [[20, 0.01], [30, 0.015], [40, 0.975]], [[50, 0.01], [75, 0.015], [100, 0.975]], [[50, 0.01], [75, 0.015], [100, 0.975]], [[500, 0.01], [750, 0.015], [1000, 0.975]], [[1000, 0.01], [1500, 0.015], [2000, 0.975]]]
C=[[[0.15172, 0.975], [0.22758, 0.015], [0.30344, 0.01]], [[0.17634, 0.975], [0.26451, 0.015], [0.35267, 0.01]], [[0.51775, 0.975], [0.77662, 0.015], [1.0355, 0.01]], [[0.21395, 0.975], [0.32093, 0.015], [0.4279, 0.01]], [[0.13851, 0.975], [0.20777, 0.015], [0.27703, 0.01]], [[0.46433, 0.975], [0.6965, 0.015], [0.92866, 0.01]], [[0.31541, 0.975], [0.47311, 0.015], [0.63082, 0.01]], [[1.12817, 0.975], [1.69226, 0.015], [2.25634, 0.01]], [[21.36102, 0.975], [32.04153, 0.015], [42.72204, 0.01]], [[213.9674, 0.975], [320.95109, 0.015], [427.93479, 0.01]]]

T=[[[1, 0.01], [2, 0.99]], [[1, 0.01], [2, 0.99]], [[2, 0.01], [3, 0.015], [4, 0.975]], [[10, 0.01], [15, 0.015], [20, 0.975]], [[10, 0.01], [15, 0.015], [20, 0.975]], [[20, 0.01], [30, 0.015], [40, 0.975]], [[200, 0.01], [300, 0.015], [400, 0.975]], [[200, 0.01], [300, 0.015], [400, 0.975]], [[200, 0.01], [300, 0.015], [400, 0.975]], [[1000, 0.01], [1500, 0.015], [2000, 0.975]]]
C=[[[0.07969, 0.975], [0.11954, 0.015], [0.15938, 0.01]], [[0.02003, 0.975], [0.03004, 0.015], [0.04006, 0.01]], [[0.12123, 0.975], [0.18184, 0.015], [0.24246, 0.01]], [[0.13364, 0.975], [0.20046, 0.015], [0.26728, 0.01]], [[0.33849, 0.975], [0.50774, 0.015], [0.67698, 0.01]], [[2.63104, 0.975], [3.94656, 0.015], [5.26208, 0.01]], [[1.06407, 0.975], [1.5961, 0.015], [2.12813, 0.01]], [[15.78954, 0.975], [23.68431, 0.015], [31.57908, 0.01]], [[12.14795, 0.975], [18.22192, 0.015], [24.29589, 0.01]], [[15.89533, 0.975], [23.84299, 0.015], [31.79066, 0.01]]]

T=[[[1, 0.01], [2, 0.99]], [[1, 0.01], [2, 0.99]], [[5, 0.01], [8, 0.015], [10, 0.975]], [[50, 0.01], [75, 0.015], [100, 0.975]], [[50, 0.01], [75, 0.015], [100, 0.975]], [[100, 0.01], [150, 0.015], [200, 0.975]], [[100, 0.01], [150, 0.015], [200, 0.975]], [[100, 0.01], [150, 0.015], [200, 0.975]], [[500, 0.01], [750, 0.015], [1000, 0.975]], [[500, 0.01], [750, 0.015], [1000, 0.975]]]
C=[[[0.01167, 0.975], [0.01751, 0.015], [0.02334, 0.01]], [[0.1129, 0.975], [0.16934, 0.015], [0.22579, 0.01]], [[0.09167, 0.975], [0.1375, 0.015], [0.18334, 0.01]], [[2.31647, 0.975], [3.47471, 0.015], [4.63294, 0.01]], [[0.97394, 0.975], [1.4609, 0.015], [1.94787, 0.01]], [[12.6507, 0.975], [18.97605, 0.015], [25.3014, 0.01]], [[1.49647, 0.975], [2.24471, 0.015], [2.99295, 0.01]], [[5.88946, 0.975], [8.83418, 0.015], [11.77891, 0.01]], [[32.12273, 0.975], [48.1841, 0.015], [64.24546, 0.01]], [[13.33968, 0.975], [20.00953, 0.015], [26.67937, 0.01]]]

T=[[[1, 0.01], [2, 0.99]], [[5, 0.01], [8, 0.015], [10, 0.975]], [[10, 0.01], [15, 0.015], [20, 0.975]], [[20, 0.01], [30, 0.015], [40, 0.975]], [[20, 0.01], [30, 0.015], [40, 0.975]], [[50, 0.01], [75, 0.015], [100, 0.975]], [[100, 0.01], [150, 0.015], [200, 0.975]], [[100, 0.01], [150, 0.015], [200, 0.975]], [[100, 0.01], [150, 0.015], [200, 0.975]], [[200, 0.01], [300, 0.015], [400, 0.975]]]
C=[[[0.05352, 0.975], [0.08028, 0.015], [0.10705, 0.01]], [[0.2975, 0.975], [0.44624, 0.015], [0.59499, 0.01]], [[0.22229, 0.975], [0.33343, 0.015], [0.44457, 0.01]], [[0.69323, 0.975], [1.03985, 0.015], [1.38646, 0.01]], [[0.72067, 0.975], [1.08101, 0.015], [1.44134, 0.01]], [[3.15801, 0.975], [4.73701, 0.015], [6.31601, 0.01]], [[9.5316, 0.975], [14.29739, 0.015], [19.06319, 0.01]], [[0.6543, 0.975], [0.98145, 0.015], [1.30859, 0.01]], [[3.10372, 0.975], [4.65559, 0.015], [6.20745, 0.01]], [[19.59957, 0.975], [29.39935, 0.015], [39.19913, 0.01]]]

T=[[[2, 0.01], [3, 0.015], [4, 0.975]], [[10, 0.01], [15, 0.015], [20, 0.975]], [[10, 0.01], [15, 0.015], [20, 0.975]], [[20, 0.01], [30, 0.015], [40, 0.975]], [[50, 0.01], [75, 0.015], [100, 0.975]], [[50, 0.01], [75, 0.015], [100, 0.975]], [[200, 0.01], [300, 0.015], [400, 0.975]], [[500, 0.01], [750, 0.015], [1000, 0.975]], [[1000, 0.01], [1500, 0.015], [2000, 0.975]], [[1000, 0.01], [1500, 0.015], [2000, 0.975]]]
C=[[[0.03007, 0.975], [0.0451, 0.015], [0.06014, 0.01]], [[0.21151, 0.975], [0.31727, 0.015], [0.42303, 0.01]], [[0.20865, 0.975], [0.31298, 0.015], [0.41731, 0.01]], [[2.19546, 0.975], [3.29319, 0.015], [4.39092, 0.01]], [[2.44362, 0.975], [3.66543, 0.015], [4.88724, 0.01]], [[2.8072, 0.975], [4.21079, 0.015], [5.61439, 0.01]], [[16.47996, 0.975], [24.71994, 0.015], [32.95992, 0.01]], [[15.80345, 0.975], [23.70517, 0.015], [31.6069, 0.01]], [[62.26699, 0.975], [93.40048, 0.015], [124.53398, 0.01]], [[51.88565, 0.975], [77.82847, 0.015], [103.77129, 0.01]]]

T=[[[2, 0.01], [3, 0.015], [4, 0.975]], [[2, 0.01], [3, 0.015], [4, 0.975]], [[5, 0.01], [8, 0.015], [10, 0.975]], [[10, 0.01], [15, 0.015], [20, 0.975]], [[10, 0.01], [15, 0.015], [20, 0.975]], [[50, 0.01], [75, 0.015], [100, 0.975]], [[100, 0.01], [150, 0.015], [200, 0.975]], [[100, 0.01], [150, 0.015], [200, 0.975]], [[100, 0.01], [150, 0.015], [200, 0.975]], [[100, 0.01], [150, 0.015], [200, 0.975]]]
C=[[[0.23414, 0.975], [0.35121, 0.015], [0.46828, 0.01]], [[0.10839, 0.975], [0.16258, 0.015], [0.21678, 0.01]], [[0.14412, 0.975], [0.21619, 0.015], [0.28825, 0.01]], [[0.20063, 0.975], [0.30094, 0.015], [0.40125, 0.01]], [[0.04828, 0.975], [0.07242, 0.015], [0.09656, 0.01]], [[4.1029, 0.975], [6.15435, 0.015], [8.2058, 0.01]], [[9.48215, 0.975], [14.22322, 0.015], [18.9643, 0.01]], [[0.87321, 0.975], [1.30981, 0.015], [1.74642, 0.01]], [[8.52224, 0.975], [12.78336, 0.015], [17.04448, 0.01]], [[0.41875, 0.975], [0.62812, 0.015], [0.83749, 0.01]]]

T=[[[2, 0.01], [3, 0.015], [4, 0.975]], [[2, 0.01], [3, 0.015], [4, 0.975]], [[5, 0.01], [8, 0.015], [10, 0.975]], [[10, 0.01], [15, 0.015], [20, 0.975]], [[20, 0.01], [30, 0.015], [40, 0.975]], [[20, 0.01], [30, 0.015], [40, 0.975]], [[100, 0.01], [150, 0.015], [200, 0.975]], [[100, 0.01], [150, 0.015], [200, 0.975]], [[200, 0.01], [300, 0.015], [400, 0.975]], [[1000, 0.01], [1500, 0.015], [2000, 0.975]]]
C=[[[0.02853, 0.975], [0.04279, 0.015], [0.05705, 0.01]], [[0.5698, 0.975], [0.85471, 0.015], [1.13961, 0.01]], [[0.12295, 0.975], [0.18442, 0.015], [0.24589, 0.01]], [[0.26669, 0.975], [0.40003, 0.015], [0.53337, 0.01]], [[0.1662, 0.975], [0.24929, 0.015], [0.33239, 0.01]], [[0.27669, 0.975], [0.41503, 0.015], [0.55338, 0.01]], [[7.55115, 0.975], [11.32672, 0.015], [15.1023, 0.01]], [[0.09196, 0.975], [0.13794, 0.015], [0.18392, 0.01]], [[0.25848, 0.975], [0.38773, 0.015], [0.51697, 0.01]], [[49.7087, 0.975], [74.56305, 0.015], [99.4174, 0.01]]]

T=[[[1, 0.01], [2, 0.99]], [[1, 0.01], [2, 0.99]], [[1, 0.01], [2, 0.99]], [[5, 0.01], [8, 0.015], [10, 0.975]], [[10, 0.01], [15, 0.015], [20, 0.975]], [[20, 0.01], [30, 0.015], [40, 0.975]], [[50, 0.01], [75, 0.015], [100, 0.975]], [[200, 0.01], [300, 0.015], [400, 0.975]], [[200, 0.01], [300, 0.015], [400, 0.975]], [[200, 0.01], [300, 0.015], [400, 0.975]]]
C=[[[0.03475, 0.975], [0.05212, 0.015], [0.0695, 0.01]], [[0.00836, 0.975], [0.01254, 0.015], [0.01672, 0.01]], [[0.03099, 0.975], [0.04648, 0.015], [0.06197, 0.01]], [[0.01999, 0.975], [0.02998, 0.015], [0.03997, 0.01]], [[2.24561, 0.975], [3.36842, 0.015], [4.49122, 0.01]], [[0.91776, 0.975], [1.37664, 0.015], [1.83552, 0.01]], [[2.47818, 0.975], [3.71727, 0.015], [4.95636, 0.01]], [[5.43102, 0.975], [8.14654, 0.015], [10.86205, 0.01]], [[12.67521, 0.975], [19.01281, 0.015], [25.35041, 0.01]], [[2.27294, 0.975], [3.40941, 0.015], [4.54588, 0.01]]]

T=[[[1, 0.01], [2, 0.99]], [[1, 0.01], [2, 0.99]], [[10, 0.01], [15, 0.015], [20, 0.975]], [[10, 0.01], [15, 0.015], [20, 0.975]], [[20, 0.01], [30, 0.015], [40, 0.975]], [[50, 0.01], [75, 0.015], [100, 0.975]], [[100, 0.01], [150, 0.015], [200, 0.975]], [[100, 0.01], [150, 0.015], [200, 0.975]], [[500, 0.01], [750, 0.015], [1000, 0.975]], [[1000, 0.01], [1500, 0.015], [2000, 0.975]]]
C=[[[0.00408, 0.975], [0.00613, 0.015], [0.00817, 0.01]], [[0.03813, 0.975], [0.0572, 0.015], [0.07626, 0.01]], [[0.90154, 0.975], [1.35231, 0.015], [1.80308, 0.01]], [[0.46805, 0.975], [0.70208, 0.015], [0.9361, 0.01]], [[0.82352, 0.975], [1.23528, 0.015], [1.64704, 0.01]], [[2.95474, 0.975], [4.43211, 0.015], [5.90948, 0.01]], [[13.26647, 0.975], [19.8997, 0.015], [26.53293, 0.01]], [[0.0862, 0.975], [0.1293, 0.015], [0.1724, 0.01]], [[21.28479, 0.975], [31.92719, 0.015], [42.56959, 0.01]], [[44.45698, 0.975], [66.68547, 0.015], [88.91396, 0.01]]]

T=[[[1, 0.01], [2, 0.99]], [[10, 0.01], [15, 0.015], [20, 0.975]], [[20, 0.01], [30, 0.015], [40, 0.975]], [[50, 0.01], [75, 0.015], [100, 0.975]], [[100, 0.01], [150, 0.015], [200, 0.975]], [[200, 0.01], [300, 0.015], [400, 0.975]], [[500, 0.01], [750, 0.015], [1000, 0.975]], [[1000, 0.01], [1500, 0.015], [2000, 0.975]], [[1000, 0.01], [1500, 0.015], [2000, 0.975]], [[1000, 0.01], [1500, 0.015], [2000, 0.975]]]
C=[[[0.05406, 0.975], [0.0811, 0.015], [0.10813, 0.01]], [[0.42522, 0.975], [0.63783, 0.015], [0.85045, 0.01]], [[0.75022, 0.975], [1.12533, 0.015], [1.50044, 0.01]], [[1.73842, 0.975], [2.60763, 0.015], [3.47684, 0.01]], [[1.28008, 0.975], [1.92012, 0.015], [2.56016, 0.01]], [[14.19241, 0.975], [21.28861, 0.015], [28.38481, 0.01]], [[17.82718, 0.975], [26.74077, 0.015], [35.65435, 0.01]], [[58.01647, 0.975], [87.0247, 0.015], [116.03293, 0.01]], [[84.70945, 0.975], [127.06417, 0.015], [169.41889, 0.01]], [[68.99152, 0.975], [103.48728, 0.015], [137.98304, 0.01]]]

T=[[[1, 0.01], [2, 0.99]], [[2, 0.01], [3, 0.015], [4, 0.975]], [[2, 0.01], [3, 0.015], [4, 0.975]], [[10, 0.01], [15, 0.015], [20, 0.975]], [[10, 0.01], [15, 0.015], [20, 0.975]], [[10, 0.01], [15, 0.015], [20, 0.975]], [[20, 0.01], [30, 0.015], [40, 0.975]], [[100, 0.01], [150, 0.015], [200, 0.975]], [[200, 0.01], [300, 0.015], [400, 0.975]], [[500, 0.01], [750, 0.015], [1000, 0.975]]]
C=[[[0.04382, 0.975], [0.06573, 0.015], [0.08764, 0.01]], [[0.17988, 0.975], [0.26983, 0.015], [0.35977, 0.01]], [[0.07264, 0.975], [0.10896, 0.015], [0.14528, 0.01]], [[0.02521, 0.975], [0.03781, 0.015], [0.05041, 0.01]], [[0.64173, 0.975], [0.9626, 0.015], [1.28347, 0.01]], [[0.06797, 0.975], [0.10196, 0.015], [0.13595, 0.01]], [[1.82084, 0.975], [2.73126, 0.015], [3.64168, 0.01]], [[1.82269, 0.975], [2.73403, 0.015], [3.64537, 0.01]], [[5.41428, 0.975], [8.12142, 0.015], [10.82856, 0.01]], [[60.04164, 0.975], [90.06245, 0.015], [120.08327, 0.01]]]

T=[[[1, 0.01], [2, 0.99]], [[1, 0.01], [2, 0.99]], [[2, 0.01], [3, 0.015], [4, 0.975]], [[2, 0.01], [3, 0.015], [4, 0.975]], [[2, 0.01], [3, 0.015], [4, 0.975]], [[5, 0.01], [8, 0.015], [10, 0.975]], [[100, 0.01], [150, 0.015], [200, 0.975]], [[200, 0.01], [300, 0.015], [400, 0.975]], [[500, 0.01], [750, 0.015], [1000, 0.975]], [[1000, 0.01], [1500, 0.015], [2000, 0.975]]]
C=[[[0.00234, 0.975], [0.00351, 0.015], [0.00468, 0.01]], [[0.06362, 0.975], [0.09543, 0.015], [0.12725, 0.01]], [[0.04018, 0.975], [0.06028, 0.015], [0.08037, 0.01]], [[0.18053, 0.975], [0.2708, 0.015], [0.36107, 0.01]], [[0.04195, 0.975], [0.06293, 0.015], [0.0839, 0.01]], [[0.20011, 0.975], [0.30016, 0.015], [0.40021, 0.01]], [[11.48523, 0.975], [17.22784, 0.015], [22.97046, 0.01]], [[15.83148, 0.975], [23.74723, 0.015], [31.66297, 0.01]], [[16.43254, 0.975], [24.64881, 0.015], [32.86508, 0.01]], [[35.80598, 0.975], [53.70897, 0.015], [71.61196, 0.01]]]

T=[[[1, 0.01], [2, 0.99]], [[20, 0.01], [30, 0.015], [40, 0.975]], [[20, 0.01], [30, 0.015], [40, 0.975]], [[50, 0.01], [75, 0.015], [100, 0.975]], [[50, 0.01], [75, 0.015], [100, 0.975]], [[200, 0.01], [300, 0.015], [400, 0.975]], [[200, 0.01], [300, 0.015], [400, 0.975]], [[200, 0.01], [300, 0.015], [400, 0.975]], [[1000, 0.01], [1500, 0.015], [2000, 0.975]], [[1000, 0.01], [1500, 0.015], [2000, 0.975]]]
C=[[[0.00271, 0.975], [0.00407, 0.015], [0.00542, 0.01]], [[1.11989, 0.975], [1.67983, 0.015], [2.23977, 0.01]], [[3.70354, 0.975], [5.5553, 0.015], [7.40707, 0.01]], [[0.52308, 0.975], [0.78462, 0.015], [1.04616, 0.01]], [[0.25539, 0.975], [0.38308, 0.015], [0.51078, 0.01]], [[20.40699, 0.975], [30.61049, 0.015], [40.81398, 0.01]], [[4.98675, 0.975], [7.48012, 0.015], [9.9735, 0.01]], [[8.36024, 0.975], [12.54036, 0.015], [16.72048, 0.01]], [[1.6468, 0.975], [2.4702, 0.015], [3.2936, 0.01]], [[70.13204, 0.975], [105.19805, 0.015], [140.26407, 0.01]]]

T=[[[1, 0.01], [2, 0.99]], [[2, 0.01], [3, 0.015], [4, 0.975]], [[2, 0.01], [3, 0.015], [4, 0.975]], [[5, 0.01], [8, 0.015], [10, 0.975]], [[5, 0.01], [8, 0.015], [10, 0.975]], [[10, 0.01], [15, 0.015], [20, 0.975]], [[20, 0.01], [30, 0.015], [40, 0.975]], [[100, 0.01], [150, 0.015], [200, 0.975]], [[100, 0.01], [150, 0.015], [200, 0.975]], [[500, 0.01], [750, 0.015], [1000, 0.975]]]
C=[[[0.00502, 0.975], [0.00753, 0.015], [0.01004, 0.01]], [[0.0122, 0.975], [0.0183, 0.015], [0.02439, 0.01]], [[0.0583, 0.975], [0.08745, 0.015], [0.11661, 0.01]], [[0.38905, 0.975], [0.58358, 0.015], [0.7781, 0.01]], [[0.00116, 0.975], [0.00174, 0.015], [0.00232, 0.01]], [[2.08122, 0.975], [3.12183, 0.015], [4.16243, 0.01]], [[1.46596, 0.975], [2.19894, 0.015], [2.93192, 0.01]], [[4.09465, 0.975], [6.14197, 0.015], [8.18929, 0.01]], [[0.36971, 0.975], [0.55457, 0.015], [0.73943, 0.01]], [[27.8119, 0.975], [41.71785, 0.015], [55.6238, 0.01]]]

T=[[[1, 0.01], [2, 0.99]], [[2, 0.01], [3, 0.015], [4, 0.975]], [[2, 0.01], [3, 0.015], [4, 0.975]], [[5, 0.01], [8, 0.015], [10, 0.975]], [[200, 0.01], [300, 0.015], [400, 0.975]], [[500, 0.01], [750, 0.015], [1000, 0.975]], [[500, 0.01], [750, 0.015], [1000, 0.975]], [[1000, 0.01], [1500, 0.015], [2000, 0.975]], [[1000, 0.01], [1500, 0.015], [2000, 0.975]], [[1000, 0.01], [1500, 0.015], [2000, 0.975]]]
C=[[[0.03786, 0.975], [0.05679, 0.015], [0.07572, 0.01]], [[0.01454, 0.975], [0.02181, 0.015], [0.02908, 0.01]], [[0.30152, 0.975], [0.45228, 0.015], [0.60304, 0.01]], [[0.20806, 0.975], [0.31209, 0.015], [0.41612, 0.01]], [[16.41955, 0.975], [24.62933, 0.015], [32.83911, 0.01]], [[32.44219, 0.975], [48.66328, 0.015], [64.88438, 0.01]], [[5.93759, 0.975], [8.90639, 0.015], [11.87518, 0.01]], [[87.50417, 0.975], [131.25626, 0.015], [175.00834, 0.01]], [[3.64836, 0.975], [5.47254, 0.015], [7.29672, 0.01]], [[12.48898, 0.975], [18.73347, 0.015], [24.97796, 0.01]]]

