T=[[[1, 0.01], [2, 0.99]], [[2, 0.01], [3, 0.015], [4, 0.975]], [[5, 0.01], [8, 0.015], [10, 0.975]], [[5, 0.01], [8, 0.015], [10, 0.975]], [[5, 0.01], [8, 0.015], [10, 0.975]], [[10, 0.01], [15, 0.015], [20, 0.975]], [[100, 0.01], [150, 0.015], [200, 0.975]], [[200, 0.01], [300, 0.015], [400, 0.975]], [[500, 0.01], [750, 0.015], [1000, 0.975]], [[1000, 0.01], [1500, 0.015], [2000, 0.975]]]
C=[[[0.01175, 0.975], [0.01763, 0.015], [0.0235, 0.01]], [[0.00148, 0.975], [0.00222, 0.015], [0.00296, 0.01]], [[0.29827, 0.975], [0.44741, 0.015], [0.59654, 0.01]], [[1.03077, 0.975], [1.54616, 0.015], [2.06155, 0.01]], [[0.0606, 0.975], [0.09089, 0.015], [0.12119, 0.01]], [[1.24269, 0.975], [1.86404, 0.015], [2.48538, 0.01]], [[4.1244, 0.975], [6.1866, 0.015], [8.24879, 0.01]], [[35.95619, 0.975], [53.93429, 0.015], [71.91239, 0.01]], [[2.42436, 0.975], [3.63654, 0.015], [4.84872, 0.01]], [[9.43812, 0.975], [14.15717, 0.015], [18.87623, 0.01]]]

T=[[[2, 0.01], [3, 0.015], [4, 0.975]], [[5, 0.01], [8, 0.015], [10, 0.975]], [[5, 0.01], [8, 0.015], [10, 0.975]], [[10, 0.01], [15, 0.015], [20, 0.975]], [[10, 0.01], [15, 0.015], [20, 0.975]], [[20, 0.01], [30, 0.015], [40, 0.975]], [[50, 0.01], [75, 0.015], [100, 0.975]], [[100, 0.01], [150, 0.015], [200, 0.975]], [[100, 0.01], [150, 0.015], [200, 0.975]], [[500, 0.01], [750, 0.015], [1000, 0.975]]]
C=[[[0.07531, 0.975], [0.11296, 0.015], [0.15061, 0.01]], [[0.20273, 0.975], [0.3041, 0.015], [0.40547, 0.01]], [[0.01896, 0.975], [0.02845, 0.015], [0.03793, 0.01]], [[0.54061, 0.975], [0.81091, 0.015], [1.08121, 0.01]], [[0.90964, 0.975], [1.36446, 0.015], [1.81928, 0.01]], [[0.79074, 0.975], [1.18611, 0.015], [1.58149, 0.01]], [[5.69735, 0.975], [8.54602, 0.015], [11.3947, 0.01]], [[11.80751, 0.975], [17.71127, 0.015], [23.61503, 0.01]], [[14.84727, 0.975], [22.2709, 0.015], [29.69454, 0.01]], [[1.47513, 0.975], [2.2127, 0.015], [2.95027, 0.01]]]

T=[[[1, 0.01], [2, 0.99]], [[2, 0.01], [3, 0.015], [4, 0.975]], [[5, 0.01], [8, 0.015], [10, 0.975]], [[20, 0.01], [30, 0.015], [40, 0.975]], [[20, 0.01], [30, 0.015], [40, 0.975]], [[200, 0.01], [300, 0.015], [400, 0.975]], [[500, 0.01], [750, 0.015], [1000, 0.975]], [[500, 0.01], [750, 0.015], [1000, 0.975]], [[500, 0.01], [750, 0.015], [1000, 0.975]], [[1000, 0.01], [1500, 0.015], [2000, 0.975]]]
C=[[[0.07954, 0.975], [0.11931, 0.015], [0.15907, 0.01]], [[0.06374, 0.975], [0.0956, 0.015], [0.12747, 0.01]], [[0.4593, 0.975], [0.68896, 0.015], [0.91861, 0.01]], [[0.97941, 0.975], [1.46912, 0.015], [1.95882, 0.01]], [[1.27638, 0.975], [1.91457, 0.015], [2.55276, 0.01]], [[11.10509, 0.975], [16.65763, 0.015], [22.21017, 0.01]], [[19.19159, 0.975], [28.78739, 0.015], [38.38319, 0.01]], [[56.357, 0.975], [84.53549, 0.015], [112.71399, 0.01]], [[7.93206, 0.975], [11.89808, 0.015], [15.86411, 0.01]], [[111.45769, 0.975], [167.18654, 0.015], [222.91539, 0.01]]]

T=[[[1, 0.01], [2, 0.99]], [[20, 0.01], [30, 0.015], [40, 0.975]], [[20, 0.01], [30, 0.015], [40, 0.975]], [[100, 0.01], [150, 0.015], [200, 0.975]], [[100, 0.01], [150, 0.015], [200, 0.975]], [[500, 0.01], [750, 0.015], [1000, 0.975]], [[500, 0.01], [750, 0.015], [1000, 0.975]], [[1000, 0.01], [1500, 0.015], [2000, 0.975]], [[1000, 0.01], [1500, 0.015], [2000, 0.975]], [[1000, 0.01], [1500, 0.015], [2000, 0.975]]]
C=[[[0.02639, 0.975], [0.03959, 0.015], [0.05278, 0.01]], [[1.82391, 0.975], [2.73587, 0.015], [3.64782, 0.01]], [[4.2269, 0.975], [6.34035, 0.015], [8.4538, 0.01]], [[3.27313, 0.975], [4.90969, 0.015], [6.54626, 0.01]], [[5.30644, 0.975], [7.95965, 0.015], [10.61287, 0.01]], [[1.5498, 0.975], [2.3247, 0.015], [3.0996, 0.01]], [[77.91233, 0.975], [116.86849, 0.015], [155.82466, 0.01]], [[7.14606, 0.975], [10.71908, 0.015], [14.29211, 0.01]], [[32.68302, 0.975], [49.02454, 0.015], [65.36605, 0.01]], [[36.51906, 0.975], [54.7786, 0.015], [73.03813, 0.01]]]

T=[[[1, 0.01], [2, 0.99]], [[2, 0.01], [3, 0.015], [4, 0.975]], [[50, 0.01], [75, 0.015], [100, 0.975]], [[50, 0.01], [75, 0.015], [100, 0.975]], [[100, 0.01], [150, 0.015], [200, 0.975]], [[100, 0.01], [150, 0.015], [200, 0.975]], [[200, 0.01], [300, 0.015], [400, 0.975]], [[200, 0.01], [300, 0.015], [400, 0.975]], [[500, 0.01], [750, 0.015], [1000, 0.975]], [[500, 0.01], [750, 0.015], [1000, 0.975]]]
C=[[[0.10134, 0.975], [0.15201, 0.015], [0.20269, 0.01]], [[0.14724, 0.975], [0.22086, 0.015], [0.29448, 0.01]], [[1.96732, 0.975], [2.95097, 0.015], [3.93463, 0.01]], [[4.24901, 0.975], [6.37351, 0.015], [8.49801, 0.01]], [[0.55702, 0.975], [0.83552, 0.015], [1.11403, 0.01]], [[5.80691, 0.975], [8.71036, 0.015], [11.61381, 0.01]], [[32.12534, 0.975], [48.18802, 0.015], [64.25069, 0.01]], [[0.52859, 0.975], [0.79288, 0.015], [1.05718, 0.01]], [[22.97722, 0.975], [34.46583, 0.015], [45.95444, 0.01]], [[38.92375, 0.975], [58.38562, 0.015], [77.8475, 0.01]]]

T=[[[10, 0.01], [15, 0.015], [20, 0.975]], [[10, 0.01], [15, 0.015], [20, 0.975]], [[20, 0.01], [30, 0.015], [40, 0.975]], [[20, 0.01], [30, 0.015], [40, 0.975]], [[50, 0.01], [75, 0.015], [100, 0.975]], [[100, 0.01], [150, 0.015], [200, 0.975]], [[200, 0.01], [300, 0.015], [400, 0.975]], [[200, 0.01], [300, 0.015], [400, 0.975]], [[500, 0.01], [750, 0.015], [1000, 0.975]], [[1000, 0.01], [1500, 0.015], [2000, 0.975]]]
C=[[[0.19401, 0.975], [0.29101, 0.015], [0.38801, 0.01]], [[1.66742, 0.975], [2.50113, 0.015], [3.33484, 0.01]], [[1.50019, 0.975], [2.25028, 0.015], [3.00037, 0.01]], [[0.11055, 0.975], [0.16582, 0.015], [0.22109, 0.01]], [[1.40539, 0.975], [2.10808, 0.015], [2.81077, 0.01]], [[2.39267, 0.975], [3.58901, 0.015], [4.78535, 0.01]], [[4.43737, 0.975], [6.65605, 0.015], [8.87473, 0.01]], [[17.32033, 0.975], [25.98049, 0.015], [34.64065, 0.01]], [[0.26152, 0.975], [0.39228, 0.015], [0.52303, 0.01]], [[221.97504, 0.975], [332.96256, 0.015], [443.95008, 0.01]]]

T=[[[1, 0.01], [2, 0.99]], [[1, 0.01], [2, 0.99]], [[2, 0.01], [3, 0.015], [4, 0.975]], [[2, 0.01], [3, 0.015], [4, 0.975]], [[2, 0.01], [3, 0.015], [4, 0.975]], [[5, 0.01], [8, 0.015], [10, 0.975]], [[20, 0.01], [30, 0.015], [40, 0.975]], [[50, 0.01], [75, 0.015], [100, 0.975]], [[50, 0.01], [75, 0.015], [100, 0.975]], [[500, 0.01], [750, 0.015], [1000, 0.975]]]
C=[[[0.0529, 0.975], [0.07935, 0.015], [0.1058, 0.01]], [[0.14491, 0.975], [0.21736, 0.015], [0.28982, 0.01]], [[0.07701, 0.975], [0.11551, 0.015], [0.15402, 0.01]], [[0.06902, 0.975], [0.10353, 0.015], [0.13804, 0.01]], [[0.07464, 0.975], [0.11196, 0.015], [0.14927, 0.01]], [[0.34486, 0.975], [0.5173, 0.015], [0.68973, 0.01]], [[0.22407, 0.975], [0.3361, 0.015], [0.44813, 0.01]], [[0.29129, 0.975], [0.43694, 0.015], [0.58258, 0.01]], [[2.83087, 0.975], [4.2463, 0.015], [5.66174, 0.01]], [[99.62029, 0.975], [149.43043, 0.015], [199.24058, 0.01]]]

T=[[[2, 0.01], [3, 0.015], [4, 0.975]], [[2, 0.01], [3, 0.015], [4, 0.975]], [[2, 0.01], [3, 0.015], [4, 0.975]], [[20, 0.01], [30, 0.015], [40, 0.975]], [[20, 0.01], [30, 0.015], [40, 0.975]], [[50, 0.01], [75, 0.015], [100, 0.975]], [[100, 0.01], [150, 0.015], [200, 0.975]], [[100, 0.01], [150, 0.015], [200, 0.975]], [[200, 0.01], [300, 0.015], [400, 0.975]], [[200, 0.01], [300, 0.015], [400, 0.975]]]
C=[[[0.00501, 0.975], [0.00752, 0.015], [0.01003, 0.01]], [[0.14073, 0.975], [0.21109, 0.015], [0.28146, 0.01]], [[0.08366, 0.975], [0.12549, 0.015], [0.16732, 0.01]], [[1.12325, 0.975], [1.68487, 0.015], [2.24649, 0.01]], [[0.17627, 0.975], [0.26441, 0.015], [0.35255, 0.01]], [[11.83854, 0.975], [17.75782, 0.015], [23.67709, 0.01]], [[6.20114, 0.975], [9.30171, 0.015], [12.40228, 0.01]], [[11.07265, 0.975], [16.60898, 0.015], [22.1453, 0.01]], [[0.68686, 0.975], [1.03029, 0.015], [1.37371, 0.01]], [[11.47615, 0.975], [17.21423, 0.015], [22.95231, 0.01]]]

T=[[[1, 0.01], [2, 0.99]], [[1, 0.01], [2, 0.99]], [[5, 0.01], [8, 0.015], [10, 0.975]], [[5, 0.01], [8, 0.015], [10, 0.975]], [[5, 0.01], [8, 0.015], [10, 0.975]], [[10, 0.01], [15, 0.015], [20, 0.975]], [[50, 0.01], [75, 0.015], [100, 0.975]], [[100, 0.01], [150, 0.015], [200, 0.975]], [[200, 0.01], [300, 0.015], [400, 0.975]], [[1000, 0.01], [1500, 0.015], [2000, 0.975]]]
C=[[[0.00884, 0.975], [0.01325, 0.015], [0.01767, 0.01]], [[0.00303, 0.975], [0.00455, 0.015], [0.00607, 0.01]], [[0.75141, 0.975], [1.12711, 0.015], [1.50282, 0.01]], [[0.32278, 0.975], [0.48417, 0.015], [0.64556, 0.01]], [[0.52682, 0.975], [0.79023, 0.015], [1.05364, 0.01]], [[0.72804, 0.975], [1.09206, 0.015], [1.45608, 0.01]], [[6.20245, 0.975], [9.30367, 0.015], [12.4049, 0.01]], [[2.93323, 0.975], [4.39984, 0.015], [5.86645, 0.01]], [[1.19371, 0.975], [1.79056, 0.015], [2.38741, 0.01]], [[85.77413, 0.975], [128.66119, 0.015], [171.54826, 0.01]]]

T=[[[1, 0.01], [2, 0.99]], [[2, 0.01], [3, 0.015], [4, 0.975]], [[2, 0.01], [3, 0.015], [4, 0.975]], [[5, 0.01], [8, 0.015], [10, 0.975]], [[50, 0.01], [75, 0.015], [100, 0.975]], [[100, 0.01], [150, 0.015], [200, 0.975]], [[200, 0.01], [300, 0.015], [400, 0.975]], [[200, 0.01], [300, 0.015], [400, 0.975]], [[200, 0.01], [300, 0.015], [400, 0.975]], [[1000, 0.01], [1500, 0.015], [2000, 0.975]]]
C=[[[0.23654, 0.975], [0.35481, 0.015], [0.47308, 0.01]], [[0.17278, 0.975], [0.25918, 0.015], [0.34557, 0.01]], [[0.08465, 0.975], [0.12698, 0.015], [0.16931, 0.01]], [[0.21044, 0.975], [0.31567, 0.015], [0.42089, 0.01]], [[4.23762, 0.975], [6.35643, 0.015], [8.47524, 0.01]], [[2.09715, 0.975], [3.14573, 0.015], [4.19431, 0.01]], [[5.72733, 0.975], [8.591, 0.015], [11.45466, 0.01]], [[4.26377, 0.975], [6.39565, 0.015], [8.52754, 0.01]], [[8.61482, 0.975], [12.92223, 0.015], [17.22964, 0.01]], [[43.89777, 0.975], [65.84666, 0.015], [87.79555, 0.01]]]

T=[[[2, 0.01], [3, 0.015], [4, 0.975]], [[2, 0.01], [3, 0.015], [4, 0.975]], [[2, 0.01], [3, 0.015], [4, 0.975]], [[20, 0.01], [30, 0.015], [40, 0.975]], [[20, 0.01], [30, 0.015], [40, 0.975]], [[20, 0.01], [30, 0.015], [40, 0.975]], [[50, 0.01], [75, 0.015], [100, 0.975]], [[100, 0.01], [150, 0.015], [200, 0.975]], [[100, 0.01], [150, 0.015], [200, 0.975]], [[1000, 0.01], [1500, 0.015], [2000, 0.975]]]
C=[[[0.23153, 0.975], [0.34729, 0.015], [0.46306, 0.01]], [[0.05107, 0.975], [0.07661, 0.015], [0.10214, 0.01]], [[0.04888, 0.975], [0.07331, 0.015], [0.09775, 0.01]], [[2.17253, 0.975], [3.25879, 0.015], [4.34505, 0.01]], [[0.0838, 0.975], [0.1257, 0.015], [0.1676, 0.01]], [[0.39079, 0.975], [0.58618, 0.015], [0.78157, 0.01]], [[0.10257, 0.975], [0.15386, 0.015], [0.20515, 0.01]], [[19.2351, 0.975], [28.85265, 0.015], [38.47021, 0.01]], [[3.49533, 0.975], [5.24299, 0.015], [6.99066, 0.01]], [[122.54974, 0.975], [183.82462, 0.015], [245.09949, 0.01]]]

T=[[[5, 0.01], [8, 0.015], [10, 0.975]], [[5, 0.01], [8, 0.015], [10, 0.975]], [[10, 0.01], [15, 0.015], [20, 0.975]], [[10, 0.01], [15, 0.015], [20, 0.975]], [[20, 0.01], [30, 0.015], [40, 0.975]], [[20, 0.01], [30, 0.015], [40, 0.975]], [[20, 0.01], [30, 0.015], [40, 0.975]], [[100, 0.01], [150, 0.015], [200, 0.975]], [[100, 0.01], [150, 0.015], [200, 0.975]], [[500, 0.01], [750, 0.015], [1000, 0.975]]]
C=[[[0.11026, 0.975], [0.16538, 0.015], [0.22051, 0.01]], [[0.05534, 0.975], [0.083, 0.015], [0.11067, 0.01]], [[0.06982, 0.975], [0.10472, 0.015], [0.13963, 0.01]], [[1.37787, 0.975], [2.0668, 0.015], [2.75573, 0.01]], [[4.26113, 0.975], [6.39169, 0.015], [8.52225, 0.01]], [[0.26554, 0.975], [0.39831, 0.015], [0.53108, 0.01]], [[0.93521, 0.975], [1.40282, 0.015], [1.87043, 0.01]], [[4.97278, 0.975], [7.45917, 0.015], [9.94556, 0.01]], [[10.26451, 0.975], [15.39676, 0.015], [20.52901, 0.01]], [[23.32339, 0.975], [34.98508, 0.015], [46.64677, 0.01]]]

T=[[[2, 0.01], [3, 0.015], [4, 0.975]], [[5, 0.01], [8, 0.015], [10, 0.975]], [[5, 0.01], [8, 0.015], [10, 0.975]], [[20, 0.01], [30, 0.015], [40, 0.975]], [[20, 0.01], [30, 0.015], [40, 0.975]], [[50, 0.01], [75, 0.015], [100, 0.975]], [[50, 0.01], [75, 0.015], [100, 0.975]], [[200, 0.01], [300, 0.015], [400, 0.975]], [[500, 0.01], [750, 0.015], [1000, 0.975]], [[1000, 0.01], [1500, 0.015], [2000, 0.975]]]
C=[[[0.1329, 0.975], [0.19935, 0.015], [0.2658, 0.01]], [[0.0826, 0.975], [0.1239, 0.015], [0.1652, 0.01]], [[0.1501, 0.975], [0.22515, 0.015], [0.3002, 0.01]], [[0.67138, 0.975], [1.00707, 0.015], [1.34276, 0.01]], [[1.22139, 0.975], [1.83209, 0.015], [2.44279, 0.01]], [[0.59137, 0.975], [0.88705, 0.015], [1.18274, 0.01]], [[1.81973, 0.975], [2.72959, 0.015], [3.63946, 0.01]], [[13.95317, 0.975], [20.92975, 0.015], [27.90633, 0.01]], [[80.40588, 0.975], [120.60883, 0.015], [160.81177, 0.01]], [[163.57124, 0.975], [245.35686, 0.015], [327.14248, 0.01]]]

T=[[[2, 0.01], [3, 0.015], [4, 0.975]], [[5, 0.01], [8, 0.015], [10, 0.975]], [[5, 0.01], [8, 0.015], [10, 0.975]], [[5, 0.01], [8, 0.015], [10, 0.975]], [[20, 0.01], [30, 0.015], [40, 0.975]], [[20, 0.01], [30, 0.015], [40, 0.975]], [[50, 0.01], [75, 0.015], [100, 0.975]], [[50, 0.01], [75, 0.015], [100, 0.975]], [[1000, 0.01], [1500, 0.015], [2000, 0.975]], [[1000, 0.01], [1500, 0.015], [2000, 0.975]]]
C=[[[0.19231, 0.975], [0.28846, 0.015], [0.38462, 0.01]], [[0.19656, 0.975], [0.29484, 0.015], [0.39312, 0.01]], [[0.15122, 0.975], [0.22683, 0.015], [0.30244, 0.01]], [[0.14275, 0.975], [0.21412, 0.015], [0.2855, 0.01]], [[2.4584, 0.975], [3.68761, 0.015], [4.91681, 0.01]], [[3.90905, 0.975], [5.86358, 0.015], [7.8181, 0.01]], [[1.26074, 0.975], [1.89111, 0.015], [2.52148, 0.01]], [[2.52279, 0.975], [3.78419, 0.015], [5.04559, 0.01]], [[23.2573, 0.975], [34.88595, 0.015], [46.5146, 0.01]], [[38.4394, 0.975], [57.6591, 0.015], [76.8788, 0.01]]]

T=[[[1, 0.01], [2, 0.99]], [[2, 0.01], [3, 0.015], [4, 0.975]], [[5, 0.01], [8, 0.015], [10, 0.975]], [[50, 0.01], [75, 0.015], [100, 0.975]], [[100, 0.01], [150, 0.015], [200, 0.975]], [[100, 0.01], [150, 0.015], [200, 0.975]], [[500, 0.01], [750, 0.015], [1000, 0.975]], [[1000, 0.01], [1500, 0.015], [2000, 0.975]], [[1000, 0.01], [1500, 0.015], [2000, 0.975]], [[1000, 0.01], [1500, 0.015], [2000, 0.975]]]
C=[[[0.03038, 0.975], [0.04557, 0.015], [0.06076, 0.01]], [[0.09404, 0.975], [0.14106, 0.015], [0.18808, 0.01]], [[0.63939, 0.975], [0.95909, 0.015], [1.27878, 0.01]], [[0.01469, 0.975], [0.02204, 0.015], [0.02938, 0.01]], [[15.11816, 0.975], [22.67724, 0.015], [30.23632, 0.01]], [[7.96742, 0.975], [11.95113, 0.015], [15.93484, 0.01]], [[17.49666, 0.975], [26.24499, 0.015], [34.99332, 0.01]], [[48.25188, 0.975], [72.37782, 0.015], [96.50375, 0.01]], [[98.96974, 0.975], [148.45461, 0.015], [197.93948, 0.01]], [[31.35617, 0.975], [47.03425, 0.015], [62.71233, 0.01]]]

T=[[[1, 0.01], [2, 0.99]], [[1, 0.01], [2, 0.99]], [[2, 0.01], [3, 0.015], [4, 0.975]], [[2, 0.01], [3, 0.015], [4, 0.975]], [[5, 0.01], [8, 0.015], [10, 0.975]], [[50, 0.01], [75, 0.015], [100, 0.975]], [[50, 0.01], [75, 0.015], [100, 0.975]], [[500, 0.01], [750, 0.015], [1000, 0.975]], [[500, 0.01], [750, 0.015], [1000, 0.975]], [[1000, 0.01], [1500, 0.015], [2000, 0.975]]]
C=[[[0.00763, 0.975], [0.01144, 0.015], [0.01525, 0.01]], [[0.21145, 0.975], [0.31717, 0.015], [0.4229, 0.01]], [[0.29187, 0.975], [0.4378, 0.015], [0.58373, 0.01]], [[0.06066, 0.975], [0.09099, 0.015], [0.12132, 0.01]], [[0.09505, 0.975], [0.14257, 0.015], [0.19009, 0.01]], [[1.49607, 0.975], [2.24411, 0.015], [2.99215, 0.01]], [[0.79192, 0.975], [1.18787, 0.015], [1.58383, 0.01]], [[8.71925, 0.975], [13.07888, 0.015], [17.43851, 0.01]], [[10.06582, 0.975], [15.09873, 0.015], [20.13164, 0.01]], [[152.32145, 0.975], [228.48217, 0.015], [304.6429, 0.01]]]

T=[[[2, 0.01], [3, 0.015], [4, 0.975]], [[2, 0.01], [3, 0.015], [4, 0.975]], [[5, 0.01], [8, 0.015], [10, 0.975]], [[5, 0.01], [8, 0.015], [10, 0.975]], [[10, 0.01], [15, 0.015], [20, 0.975]], [[20, 0.01], [30, 0.015], [40, 0.975]], [[100, 0.01], [150, 0.015], [200, 0.975]], [[100, 0.01], [150, 0.015], [200, 0.975]], [[500, 0.01], [750, 0.015], [1000, 0.975]], [[1000, 0.01], [1500, 0.015], [2000, 0.975]]]
C=[[[0.04223, 0.975], [0.06335, 0.015], [0.08447, 0.01]], [[0.0521, 0.975], [0.07816, 0.015], [0.10421, 0.01]], [[0.08051, 0.975], [0.12077, 0.015], [0.16102, 0.01]], [[0.63472, 0.975], [0.95209, 0.015], [1.26945, 0.01]], [[0.30955, 0.975], [0.46432, 0.015], [0.61909, 0.01]], [[0.90264, 0.975], [1.35395, 0.015], [1.80527, 0.01]], [[13.99458, 0.975], [20.99188, 0.015], [27.98917, 0.01]], [[5.38444, 0.975], [8.07666, 0.015], [10.76888, 0.01]], [[51.6658, 0.975], [77.49871, 0.015], [103.33161, 0.01]], [[86.57556, 0.975], [129.86333, 0.015], [173.15111, 0.01]]]

T=[[[1, 0.01], [2, 0.99]], [[1, 0.01], [2, 0.99]], [[2, 0.01], [3, 0.015], [4, 0.975]], [[5, 0.01], [8, 0.015], [10, 0.975]], [[20, 0.01], [30, 0.015], [40, 0.975]], [[100, 0.01], [150, 0.015], [200, 0.975]], [[100, 0.01], [150, 0.015], [200, 0.975]], [[100, 0.01], [150, 0.015], [200, 0.975]], [[200, 0.01], [300, 0.015], [400, 0.975]], [[1000, 0.01], [1500, 0.015], [2000, 0.975]]]
C=[[[0.03341, 0.975], [0.05011, 0.015], [0.06682, 0.01]], [[0.03803, 0.975], [0.05705, 0.015], [0.07606, 0.01]], [[0.07, 0.975], [0.105, 0.015], [0.14, 0.01]], [[0.86602, 0.975], [1.29903, 0.015], [1.73204, 0.01]], [[0.52234, 0.975], [0.78351, 0.015], [1.04468, 0.01]], [[3.85257, 0.975], [5.77886, 0.015], [7.70515, 0.01]], [[2.99551, 0.975], [4.49326, 0.015], [5.99102, 0.01]], [[10.06656, 0.975], [15.09984, 0.015], [20.13313, 0.01]], [[17.07807, 0.975], [25.6171, 0.015], [34.15613, 0.01]], [[89.7018, 0.975], [134.5527, 0.015], [179.40359, 0.01]]]

T=[[[2, 0.01], [3, 0.015], [4, 0.975]], [[2, 0.01], [3, 0.015], [4, 0.975]], [[2, 0.01], [3, 0.015], [4, 0.975]], [[20, 0.01], [30, 0.015], [40, 0.975]], [[100, 0.01], [150, 0.015], [200, 0.975]], [[100, 0.01], [150, 0.015], [200, 0.975]], [[200, 0.01], [300, 0.015], [400, 0.975]], [[200, 0.01], [300, 0.015], [400, 0.975]], [[200, 0.01], [300, 0.015], [400, 0.975]], [[500, 0.01], [750, 0.015], [1000, 0.975]]]
C=[[[0.17142, 0.975], [0.25713, 0.015], [0.34284, 0.01]], [[0.01688, 0.975], [0.02533, 0.015], [0.03377, 0.01]], [[0.10928, 0.975], [0.16392, 0.015], [0.21856, 0.01]], [[2.09239, 0.975], [3.13859, 0.015], [4.18478, 0.01]], [[11.3813, 0.975], [17.07195, 0.015], [22.7626, 0.01]], [[1.61568, 0.975], [2.42353, 0.015], [3.23137, 0.01]], [[12.03198, 0.975], [18.04797, 0.015], [24.06396, 0.01]], [[6.06049, 0.975], [9.09074, 0.015], [12.12099, 0.01]], [[0.67467, 0.975], [1.012, 0.015], [1.34933, 0.01]], [[86.39069, 0.975], [129.58604, 0.015], [172.78138, 0.01]]]

T=[[[1, 0.01], [2, 0.99]], [[1, 0.01], [2, 0.99]], [[2, 0.01], [3, 0.015], [4, 0.975]], [[20, 0.01], [30, 0.015], [40, 0.975]], [[50, 0.01], [75, 0.015], [100, 0.975]], [[50, 0.01], [75, 0.015], [100, 0.975]], [[100, 0.01], [150, 0.015], [200, 0.975]], [[100, 0.01], [150, 0.015], [200, 0.975]], [[500, 0.01], [750, 0.015], [1000, 0.975]], [[1000, 0.01], [1500, 0.015], [2000, 0.975]]]
C=[[[0.02484, 0.975], [0.03726, 0.015], [0.04968, 0.01]], [[0.06815, 0.975], [0.10222, 0.015], [0.13629, 0.01]], [[0.23756, 0.975], [0.35635, 0.015], [0.47513, 0.01]], [[0.88096, 0.975], [1.32144, 0.015], [1.76192, 0.01]], [[6.86793, 0.975], [10.30189, 0.015], [13.73586, 0.01]], [[0.73771, 0.975], [1.10656, 0.015], [1.47542, 0.01]], [[5.73397, 0.975], [8.60096, 0.015], [11.46794, 0.01]], [[5.83632, 0.975], [8.75447, 0.015], [11.67263, 0.01]], [[33.19761, 0.975], [49.79641, 0.015], [66.39521, 0.01]], [[59.97283, 0.975], [89.95925, 0.015], [119.94566, 0.01]]]

T=[[[1, 0.01], [2, 0.99]], [[1, 0.01], [2, 0.99]], [[5, 0.01], [8, 0.015], [10, 0.975]], [[5, 0.01], [8, 0.015], [10, 0.975]], [[5, 0.01], [8, 0.015], [10, 0.975]], [[10, 0.01], [15, 0.015], [20, 0.975]], [[50, 0.01], [75, 0.015], [100, 0.975]], [[100, 0.01], [150, 0.015], [200, 0.975]], [[100, 0.01], [150, 0.015], [200, 0.975]], [[200, 0.01], [300, 0.015], [400, 0.975]]]
C=[[[0.02108, 0.975], [0.03163, 0.015], [0.04217, 0.01]], [[0.02168, 0.975], [0.03252, 0.015], [0.04336, 0.01]], [[1.01983, 0.975], [1.52974, 0.015], [2.03965, 0.01]], [[0.44543, 0.975], [0.66815, 0.015], [0.89087, 0.01]], [[0.61481, 0.975], [0.92221, 0.015], [1.22962, 0.01]], [[0.38908, 0.975], [0.58361, 0.015], [0.77815, 0.01]], [[5.32523, 0.975], [7.98785, 0.015], [10.65046, 0.01]], [[0.76275, 0.975], [1.14412, 0.015], [1.5255, 0.01]], [[0.05194, 0.975], [0.07791, 0.015], [0.10388, 0.01]], [[7.53246, 0.975], [11.29869, 0.015], [15.06492, 0.01]]]

T=[[[1, 0.01], [2, 0.99]], [[5, 0.01], [8, 0.015], [10, 0.975]], [[10, 0.01], [15, 0.015], [20, 0.975]], [[50, 0.01], [75, 0.015], [100, 0.975]], [[50, 0.01], [75, 0.015], [100, 0.975]], [[50, 0.01], [75, 0.015], [100, 0.975]], [[100, 0.01], [150, 0.015], [200, 0.975]], [[100, 0.01], [150, 0.015], [200, 0.975]], [[100, 0.01], [150, 0.015], [200, 0.975]], [[500, 0.01], [750, 0.015], [1000, 0.975]]]
C=[[[0.00325, 0.975], [0.00488, 0.015], [0.0065, 0.01]], [[0.09848, 0.975], [0.14772, 0.015], [0.19696, 0.01]], [[0.12508, 0.975], [0.18761, 0.015], [0.25015, 0.01]], [[8.23419, 0.975], [12.35129, 0.015], [16.46839, 0.01]], [[11.20001, 0.975], [16.80001, 0.015], [22.40001, 0.01]], [[0.66805, 0.975], [1.00208, 0.015], [1.33611, 0.01]], [[2.35091, 0.975], [3.52636, 0.015], [4.70182, 0.01]], [[9.0685, 0.975], [13.60275, 0.015], [18.137, 0.01]], [[3.54965, 0.975], [5.32448, 0.015], [7.09931, 0.01]], [[31.40502, 0.975], [47.10753, 0.015], [62.81004, 0.01]]]

T=[[[2, 0.01], [3, 0.015], [4, 0.975]], [[2, 0.01], [3, 0.015], [4, 0.975]], [[2, 0.01], [3, 0.015], [4, 0.975]], [[50, 0.01], [75, 0.015], [100, 0.975]], [[50, 0.01], [75, 0.015], [100, 0.975]], [[50, 0.01], [75, 0.015], [100, 0.975]], [[100, 0.01], [150, 0.015], [200, 0.975]], [[100, 0.01], [150, 0.015], [200, 0.975]], [[100, 0.01], [150, 0.015], [200, 0.975]], [[500, 0.01], [750, 0.015], [1000, 0.975]]]
C=[[[0.09113, 0.975], [0.1367, 0.015], [0.18227, 0.01]], [[0.04289, 0.975], [0.06433, 0.015], [0.08577, 0.01]], [[0.18333, 0.975], [0.27499, 0.015], [0.36665, 0.01]], [[6.94954, 0.975], [10.4243, 0.015], [13.89907, 0.01]], [[5.83776, 0.975], [8.75664, 0.015], [11.67551, 0.01]], [[1.08732, 0.975], [1.63097, 0.015], [2.17463, 0.01]], [[8.10921, 0.975], [12.16382, 0.015], [16.21842, 0.01]], [[4.14183, 0.975], [6.21274, 0.015], [8.28366, 0.01]], [[5.49125, 0.975], [8.23688, 0.015], [10.98251, 0.01]], [[18.20565, 0.975], [27.30847, 0.015], [36.4113, 0.01]]]

T=[[[1, 0.01], [2, 0.99]], [[1, 0.01], [2, 0.99]], [[50, 0.01], [75, 0.015], [100, 0.975]], [[50, 0.01], [75, 0.015], [100, 0.975]], [[50, 0.01], [75, 0.015], [100, 0.975]], [[50, 0.01], [75, 0.015], [100, 0.975]], [[50, 0.01], [75, 0.015], [100, 0.975]], [[100, 0.01], [150, 0.015], [200, 0.975]], [[500, 0.01], [750, 0.015], [1000, 0.975]], [[1000, 0.01], [1500, 0.015], [2000, 0.975]]]
C=[[[0.08315, 0.975], [0.12472, 0.015], [0.1663, 0.01]], [[0.02225, 0.975], [0.03338, 0.015], [0.0445, 0.01]], [[0.53531, 0.975], [0.80296, 0.015], [1.07062, 0.01]], [[1.55016, 0.975], [2.32524, 0.015], [3.10032, 0.01]], [[4.96725, 0.975], [7.45088, 0.015], [9.9345, 0.01]], [[0.28065, 0.975], [0.42098, 0.015], [0.56131, 0.01]], [[4.59168, 0.975], [6.88752, 0.015], [9.18335, 0.01]], [[5.75414, 0.975], [8.63121, 0.015], [11.50827, 0.01]], [[45.51405, 0.975], [68.27108, 0.015], [91.0281, 0.01]], [[157.52979, 0.975], [236.29468, 0.015], [315.05958, 0.01]]]

T=[[[1, 0.01], [2, 0.99]], [[2, 0.01], [3, 0.015], [4, 0.975]], [[2, 0.01], [3, 0.015], [4, 0.975]], [[20, 0.01], [30, 0.015], [40, 0.975]], [[100, 0.01], [150, 0.015], [200, 0.975]], [[200, 0.01], [300, 0.015], [400, 0.975]], [[1000, 0.01], [1500, 0.015], [2000, 0.975]], [[1000, 0.01], [1500, 0.015], [2000, 0.975]], [[1000, 0.01], [1500, 0.015], [2000, 0.975]], [[1000, 0.01], [1500, 0.015], [2000, 0.975]]]
C=[[[0.00575, 0.975], [0.00862, 0.015], [0.01149, 0.01]], [[0.38224, 0.975], [0.57336, 0.015], [0.76448, 0.01]], [[0.21156, 0.975], [0.31735, 0.015], [0.42313, 0.01]], [[0.1572, 0.975], [0.2358, 0.015], [0.3144, 0.01]], [[8.33566, 0.975], [12.50349, 0.015], [16.67133, 0.01]], [[0.67656, 0.975], [1.01485, 0.015], [1.35313, 0.01]], [[35.96403, 0.975], [53.94605, 0.015], [71.92806, 0.01]], [[22.44022, 0.975], [33.66034, 0.015], [44.88045, 0.01]], [[153.57461, 0.975], [230.36191, 0.015], [307.14922, 0.01]], [[40.77313, 0.975], [61.15969, 0.015], [81.54626, 0.01]]]

T=[[[1, 0.01], [2, 0.99]], [[2, 0.01], [3, 0.015], [4, 0.975]], [[2, 0.01], [3, 0.015], [4, 0.975]], [[5, 0.01], [8, 0.015], [10, 0.975]], [[5, 0.01], [8, 0.015], [10, 0.975]], [[20, 0.01], [30, 0.015], [40, 0.975]], [[20, 0.01], [30, 0.015], [40, 0.975]], [[200, 0.01], [300, 0.015], [400, 0.975]], [[200, 0.01], [300, 0.015], [400, 0.975]], [[500, 0.01], [750, 0.015], [1000, 0.975]]]
C=[[[0.06352, 0.975], [0.09528, 0.015], [0.12704, 0.01]], [[0.04788, 0.975], [0.07182, 0.015], [0.09575, 0.01]], [[0.14538, 0.975], [0.21807, 0.015], [0.29077, 0.01]], [[0.15219, 0.975], [0.22828, 0.015], [0.30437, 0.01]], [[0.17371, 0.975], [0.26056, 0.015], [0.34741, 0.01]], [[0.38489, 0.975], [0.57734, 0.015], [0.76978, 0.01]], [[0.21425, 0.975], [0.32138, 0.015], [0.42851, 0.01]], [[34.4711, 0.975], [51.70665, 0.015], [68.9422, 0.01]], [[33.87176, 0.975], [50.80764, 0.015], [67.74352, 0.01]], [[26.49942, 0.975], [39.74913, 0.015], [52.99884, 0.01]]]

T=[[[1, 0.01], [2, 0.99]], [[2, 0.01], [3, 0.015], [4, 0.975]], [[5, 0.01], [8, 0.015], [10, 0.975]], [[20, 0.01], [30, 0.015], [40, 0.975]], [[100, 0.01], [150, 0.015], [200, 0.975]], [[200, 0.01], [300, 0.015], [400, 0.975]], [[200, 0.01], [300, 0.015], [400, 0.975]], [[200, 0.01], [300, 0.015], [400, 0.975]], [[500, 0.01], [750, 0.015], [1000, 0.975]], [[1000, 0.01], [1500, 0.015], [2000, 0.975]]]
C=[[[0.04815, 0.975], [0.07223, 0.015], [0.0963, 0.01]], [[0.12829, 0.975], [0.19244, 0.015], [0.25659, 0.01]], [[1.02356, 0.975], [1.53534, 0.015], [2.04713, 0.01]], [[0.96276, 0.975], [1.44413, 0.015], [1.92551, 0.01]], [[1.9796, 0.975], [2.9694, 0.015], [3.9592, 0.01]], [[9.46119, 0.975], [14.19178, 0.015], [18.92237, 0.01]], [[5.91198, 0.975], [8.86797, 0.015], [11.82396, 0.01]], [[23.67168, 0.975], [35.50752, 0.015], [47.34336, 0.01]], [[1.67925, 0.975], [2.51887, 0.015], [3.35849, 0.01]], [[66.47392, 0.975], [99.71088, 0.015], [132.94784, 0.01]]]

T=[[[1, 0.01], [2, 0.99]], [[1, 0.01], [2, 0.99]], [[5, 0.01], [8, 0.015], [10, 0.975]], [[10, 0.01], [15, 0.015], [20, 0.975]], [[20, 0.01], [30, 0.015], [40, 0.975]], [[20, 0.01], [30, 0.015], [40, 0.975]], [[50, 0.01], [75, 0.015], [100, 0.975]], [[100, 0.01], [150, 0.015], [200, 0.975]], [[200, 0.01], [300, 0.015], [400, 0.975]], [[500, 0.01], [750, 0.015], [1000, 0.975]]]
C=[[[0.06009, 0.975], [0.09014, 0.015], [0.12019, 0.01]], [[0.10281, 0.975], [0.15421, 0.015], [0.20562, 0.01]], [[0.34595, 0.975], [0.51892, 0.015], [0.6919, 0.01]], [[0.26253, 0.975], [0.39379, 0.015], [0.52506, 0.01]], [[1.28306, 0.975], [1.9246, 0.015], [2.56613, 0.01]], [[1.91708, 0.975], [2.87561, 0.015], [3.83415, 0.01]], [[6.19622, 0.975], [9.29433, 0.015], [12.39244, 0.01]], [[4.80431, 0.975], [7.20647, 0.015], [9.60862, 0.01]], [[5.80819, 0.975], [8.71228, 0.015], [11.61637, 0.01]], [[15.31967, 0.975], [22.97951, 0.015], [30.63935, 0.01]]]

T=[[[1, 0.01], [2, 0.99]], [[2, 0.01], [3, 0.015], [4, 0.975]], [[2, 0.01], [3, 0.015], [4, 0.975]], [[5, 0.01], [8, 0.015], [10, 0.975]], [[5, 0.01], [8, 0.015], [10, 0.975]], [[5, 0.01], [8, 0.015], [10, 0.975]], [[10, 0.01], [15, 0.015], [20, 0.975]], [[20, 0.01], [30, 0.015], [40, 0.975]], [[500, 0.01], [750, 0.015], [1000, 0.975]], [[1000, 0.01], [1500, 0.015], [2000, 0.975]]]
C=[[[0.09136, 0.975], [0.13705, 0.015], [0.18273, 0.01]], [[0.02691, 0.975], [0.04036, 0.015], [0.05381, 0.01]], [[0.44884, 0.975], [0.67326, 0.015], [0.89768, 0.01]], [[0.35661, 0.975], [0.53492, 0.015], [0.71322, 0.01]], [[0.24714, 0.975], [0.37071, 0.015], [0.49428, 0.01]], [[0.37822, 0.975], [0.56733, 0.015], [0.75644, 0.01]], [[0.1621, 0.975], [0.24315, 0.015], [0.3242, 0.01]], [[1.50003, 0.975], [2.25005, 0.015], [3.00006, 0.01]], [[13.08334, 0.975], [19.62502, 0.015], [26.16669, 0.01]], [[6.99092, 0.975], [10.48637, 0.015], [13.98183, 0.01]]]

T=[[[5, 0.01], [8, 0.015], [10, 0.975]], [[10, 0.01], [15, 0.015], [20, 0.975]], [[10, 0.01], [15, 0.015], [20, 0.975]], [[10, 0.01], [15, 0.015], [20, 0.975]], [[20, 0.01], [30, 0.015], [40, 0.975]], [[50, 0.01], [75, 0.015], [100, 0.975]], [[50, 0.01], [75, 0.015], [100, 0.975]], [[100, 0.01], [150, 0.015], [200, 0.975]], [[200, 0.01], [300, 0.015], [400, 0.975]], [[200, 0.01], [300, 0.015], [400, 0.975]]]
C=[[[0.2025, 0.975], [0.30375, 0.015], [0.405, 0.01]], [[0.01581, 0.975], [0.02372, 0.015], [0.03163, 0.01]], [[1.98526, 0.975], [2.97789, 0.015], [3.97052, 0.01]], [[0.29157, 0.975], [0.43736, 0.015], [0.58315, 0.01]], [[0.46792, 0.975], [0.70188, 0.015], [0.93584, 0.01]], [[3.21231, 0.975], [4.81846, 0.015], [6.42461, 0.01]], [[0.06757, 0.975], [0.10136, 0.015], [0.13514, 0.01]], [[12.33118, 0.975], [18.49677, 0.015], [24.66236, 0.01]], [[24.82031, 0.975], [37.23047, 0.015], [49.64062, 0.01]], [[8.76575, 0.975], [13.14862, 0.015], [17.5315, 0.01]]]

T=[[[2, 0.01], [3, 0.015], [4, 0.975]], [[5, 0.01], [8, 0.015], [10, 0.975]], [[5, 0.01], [8, 0.015], [10, 0.975]], [[10, 0.01], [15, 0.015], [20, 0.975]], [[10, 0.01], [15, 0.015], [20, 0.975]], [[20, 0.01], [30, 0.015], [40, 0.975]], [[200, 0.01], [300, 0.015], [400, 0.975]], [[200, 0.01], [300, 0.015], [400, 0.975]], [[1000, 0.01], [1500, 0.015], [2000, 0.975]], [[1000, 0.01], [1500, 0.015], [2000, 0.975]]]
C=[[[0.08438, 0.975], [0.12657, 0.015], [0.16877, 0.01]], [[0.2416, 0.975], [0.3624, 0.015], [0.48321, 0.01]], [[0.32705, 0.975], [0.49058, 0.015], [0.65411, 0.01]], [[0.31342, 0.975], [0.47013, 0.015], [0.62684, 0.01]], [[1.29825, 0.975], [1.94738, 0.015], [2.59651, 0.01]], [[0.24843, 0.975], [0.37265, 0.015], [0.49687, 0.01]], [[9.10194, 0.975], [13.65291, 0.015], [18.20388, 0.01]], [[2.94884, 0.975], [4.42325, 0.015], [5.89767, 0.01]], [[218.6946, 0.975], [328.0419, 0.015], [437.3892, 0.01]], [[41.53985, 0.975], [62.30977, 0.015], [83.0797, 0.01]]]

T=[[[5, 0.01], [8, 0.015], [10, 0.975]], [[10, 0.01], [15, 0.015], [20, 0.975]], [[10, 0.01], [15, 0.015], [20, 0.975]], [[10, 0.01], [15, 0.015], [20, 0.975]], [[20, 0.01], [30, 0.015], [40, 0.975]], [[200, 0.01], [300, 0.015], [400, 0.975]], [[500, 0.01], [750, 0.015], [1000, 0.975]], [[1000, 0.01], [1500, 0.015], [2000, 0.975]], [[1000, 0.01], [1500, 0.015], [2000, 0.975]], [[1000, 0.01], [1500, 0.015], [2000, 0.975]]]
C=[[[0.06008, 0.975], [0.09012, 0.015], [0.12016, 0.01]], [[0.07853, 0.975], [0.11779, 0.015], [0.15705, 0.01]], [[0.3072, 0.975], [0.46081, 0.015], [0.61441, 0.01]], [[0.03616, 0.975], [0.05425, 0.015], [0.07233, 0.01]], [[1.99436, 0.975], [2.99154, 0.015], [3.98872, 0.01]], [[1.34287, 0.975], [2.0143, 0.015], [2.68574, 0.01]], [[22.05508, 0.975], [33.08262, 0.015], [44.11016, 0.01]], [[39.4508, 0.975], [59.1762, 0.015], [78.9016, 0.01]], [[49.46282, 0.975], [74.19423, 0.015], [98.92564, 0.01]], [[356.33801, 0.975], [534.50701, 0.015], [712.67601, 0.01]]]

T=[[[2, 0.01], [3, 0.015], [4, 0.975]], [[5, 0.01], [8, 0.015], [10, 0.975]], [[10, 0.01], [15, 0.015], [20, 0.975]], [[20, 0.01], [30, 0.015], [40, 0.975]], [[50, 0.01], [75, 0.015], [100, 0.975]], [[50, 0.01], [75, 0.015], [100, 0.975]], [[100, 0.01], [150, 0.015], [200, 0.975]], [[100, 0.01], [150, 0.015], [200, 0.975]], [[200, 0.01], [300, 0.015], [400, 0.975]], [[500, 0.01], [750, 0.015], [1000, 0.975]]]
C=[[[0.06766, 0.975], [0.10149, 0.015], [0.13532, 0.01]], [[0.53811, 0.975], [0.80716, 0.015], [1.07622, 0.01]], [[0.17225, 0.975], [0.25838, 0.015], [0.34451, 0.01]], [[0.73639, 0.975], [1.10459, 0.015], [1.47278, 0.01]], [[2.49193, 0.975], [3.7379, 0.015], [4.98387, 0.01]], [[4.08584, 0.975], [6.12876, 0.015], [8.17167, 0.01]], [[7.10545, 0.975], [10.65818, 0.015], [14.21091, 0.01]], [[15.84922, 0.975], [23.77382, 0.015], [31.69843, 0.01]], [[13.83724, 0.975], [20.75586, 0.015], [27.67448, 0.01]], [[12.10705, 0.975], [18.16057, 0.015], [24.2141, 0.01]]]

T=[[[2, 0.01], [3, 0.015], [4, 0.975]], [[2, 0.01], [3, 0.015], [4, 0.975]], [[5, 0.01], [8, 0.015], [10, 0.975]], [[5, 0.01], [8, 0.015], [10, 0.975]], [[5, 0.01], [8, 0.015], [10, 0.975]], [[10, 0.01], [15, 0.015], [20, 0.975]], [[20, 0.01], [30, 0.015], [40, 0.975]], [[20, 0.01], [30, 0.015], [40, 0.975]], [[50, 0.01], [75, 0.015], [100, 0.975]], [[1000, 0.01], [1500, 0.015], [2000, 0.975]]]
C=[[[0.54974, 0.975], [0.82461, 0.015], [1.09948, 0.01]], [[0.08111, 0.975], [0.12167, 0.015], [0.16223, 0.01]], [[0.46702, 0.975], [0.70053, 0.015], [0.93404, 0.01]], [[0.34488, 0.975], [0.51732, 0.015], [0.68977, 0.01]], [[0.07157, 0.975], [0.10736, 0.015], [0.14315, 0.01]], [[0.16028, 0.975], [0.24042, 0.015], [0.32055, 0.01]], [[1.03301, 0.975], [1.54952, 0.015], [2.06603, 0.01]], [[0.91474, 0.975], [1.37211, 0.015], [1.82948, 0.01]], [[0.20675, 0.975], [0.31012, 0.015], [0.4135, 0.01]], [[40.32783, 0.975], [60.49175, 0.015], [80.65566, 0.01]]]

T=[[[1, 0.01], [2, 0.99]], [[2, 0.01], [3, 0.015], [4, 0.975]], [[2, 0.01], [3, 0.015], [4, 0.975]], [[10, 0.01], [15, 0.015], [20, 0.975]], [[10, 0.01], [15, 0.015], [20, 0.975]], [[50, 0.01], [75, 0.015], [100, 0.975]], [[100, 0.01], [150, 0.015], [200, 0.975]], [[100, 0.01], [150, 0.015], [200, 0.975]], [[100, 0.01], [150, 0.015], [200, 0.975]], [[500, 0.01], [750, 0.015], [1000, 0.975]]]
C=[[[0.07753, 0.975], [0.11629, 0.015], [0.15506, 0.01]], [[0.26516, 0.975], [0.39774, 0.015], [0.53032, 0.01]], [[0.28203, 0.975], [0.42304, 0.015], [0.56406, 0.01]], [[0.31714, 0.975], [0.47571, 0.015], [0.63428, 0.01]], [[0.77104, 0.975], [1.15656, 0.015], [1.54208, 0.01]], [[4.70528, 0.975], [7.05791, 0.015], [9.41055, 0.01]], [[1.21808, 0.975], [1.82713, 0.015], [2.43617, 0.01]], [[3.31483, 0.975], [4.97225, 0.015], [6.62966, 0.01]], [[2.50686, 0.975], [3.76029, 0.015], [5.01372, 0.01]], [[12.77861, 0.975], [19.16791, 0.015], [25.55722, 0.01]]]

T=[[[2, 0.01], [3, 0.015], [4, 0.975]], [[2, 0.01], [3, 0.015], [4, 0.975]], [[10, 0.01], [15, 0.015], [20, 0.975]], [[20, 0.01], [30, 0.015], [40, 0.975]], [[20, 0.01], [30, 0.015], [40, 0.975]], [[50, 0.01], [75, 0.015], [100, 0.975]], [[100, 0.01], [150, 0.015], [200, 0.975]], [[100, 0.01], [150, 0.015], [200, 0.975]], [[500, 0.01], [750, 0.015], [1000, 0.975]], [[1000, 0.01], [1500, 0.015], [2000, 0.975]]]
C=[[[0.0151, 0.975], [0.02265, 0.015], [0.0302, 0.01]], [[0.15454, 0.975], [0.23181, 0.015], [0.30908, 0.01]], [[1.25522, 0.975], [1.88284, 0.015], [2.51045, 0.01]], [[0.68314, 0.975], [1.0247, 0.015], [1.36627, 0.01]], [[0.54764, 0.975], [0.82147, 0.015], [1.09529, 0.01]], [[12.14334, 0.975], [18.21501, 0.015], [24.28668, 0.01]], [[12.14966, 0.975], [18.22449, 0.015], [24.29932, 0.01]], [[0.54147, 0.975], [0.81221, 0.015], [1.08295, 0.01]], [[2.28264, 0.975], [3.42397, 0.015], [4.56529, 0.01]], [[3.7765, 0.975], [5.66475, 0.015], [7.553, 0.01]]]

T=[[[1, 0.01], [2, 0.99]], [[2, 0.01], [3, 0.015], [4, 0.975]], [[2, 0.01], [3, 0.015], [4, 0.975]], [[2, 0.01], [3, 0.015], [4, 0.975]], [[10, 0.01], [15, 0.015], [20, 0.975]], [[20, 0.01], [30, 0.015], [40, 0.975]], [[50, 0.01], [75, 0.015], [100, 0.975]], [[100, 0.01], [150, 0.015], [200, 0.975]], [[200, 0.01], [300, 0.015], [400, 0.975]], [[200, 0.01], [300, 0.015], [400, 0.975]]]
C=[[[0.05529, 0.975], [0.08293, 0.015], [0.11058, 0.01]], [[0.17765, 0.975], [0.26647, 0.015], [0.35529, 0.01]], [[0.02678, 0.975], [0.04017, 0.015], [0.05356, 0.01]], [[0.09079, 0.975], [0.13618, 0.015], [0.18157, 0.01]], [[0.61, 0.975], [0.915, 0.015], [1.22, 0.01]], [[0.53256, 0.975], [0.79884, 0.015], [1.06512, 0.01]], [[0.72634, 0.975], [1.08951, 0.015], [1.45267, 0.01]], [[4.93088, 0.975], [7.39632, 0.015], [9.86176, 0.01]], [[47.22756, 0.975], [70.84134, 0.015], [94.45512, 0.01]], [[11.90022, 0.975], [17.85033, 0.015], [23.80044, 0.01]]]

T=[[[1, 0.01], [2, 0.99]], [[10, 0.01], [15, 0.015], [20, 0.975]], [[20, 0.01], [30, 0.015], [40, 0.975]], [[20, 0.01], [30, 0.015], [40, 0.975]], [[50, 0.01], [75, 0.015], [100, 0.975]], [[50, 0.01], [75, 0.015], [100, 0.975]], [[200, 0.01], [300, 0.015], [400, 0.975]], [[500, 0.01], [750, 0.015], [1000, 0.975]], [[500, 0.01], [750, 0.015], [1000, 0.975]], [[500, 0.01], [750, 0.015], [1000, 0.975]]]
C=[[[0.02737, 0.975], [0.04105, 0.015], [0.05474, 0.01]], [[1.52798, 0.975], [2.29197, 0.015], [3.05596, 0.01]], [[0.14297, 0.975], [0.21446, 0.015], [0.28594, 0.01]], [[0.97851, 0.975], [1.46777, 0.015], [1.95703, 0.01]], [[0.20793, 0.975], [0.31189, 0.015], [0.41586, 0.01]], [[1.10922, 0.975], [1.66383, 0.015], [2.21845, 0.01]], [[2.90237, 0.975], [4.35356, 0.015], [5.80474, 0.01]], [[114.26482, 0.975], [171.39723, 0.015], [228.52964, 0.01]], [[71.24425, 0.975], [106.86637, 0.015], [142.4885, 0.01]], [[0.9428, 0.975], [1.4142, 0.015], [1.88561, 0.01]]]

T=[[[1, 0.01], [2, 0.99]], [[2, 0.01], [3, 0.015], [4, 0.975]], [[5, 0.01], [8, 0.015], [10, 0.975]], [[5, 0.01], [8, 0.015], [10, 0.975]], [[10, 0.01], [15, 0.015], [20, 0.975]], [[10, 0.01], [15, 0.015], [20, 0.975]], [[100, 0.01], [150, 0.015], [200, 0.975]], [[500, 0.01], [750, 0.015], [1000, 0.975]], [[500, 0.01], [750, 0.015], [1000, 0.975]], [[500, 0.01], [750, 0.015], [1000, 0.975]]]
C=[[[0.2197, 0.975], [0.32954, 0.015], [0.43939, 0.01]], [[0.22298, 0.975], [0.33447, 0.015], [0.44596, 0.01]], [[0.13321, 0.975], [0.19981, 0.015], [0.26642, 0.01]], [[0.12495, 0.975], [0.18743, 0.015], [0.24991, 0.01]], [[0.03994, 0.975], [0.0599, 0.015], [0.07987, 0.01]], [[0.01938, 0.975], [0.02907, 0.015], [0.03876, 0.01]], [[3.19806, 0.975], [4.79709, 0.015], [6.39612, 0.01]], [[21.05665, 0.975], [31.58497, 0.015], [42.1133, 0.01]], [[47.03696, 0.975], [70.55543, 0.015], [94.07391, 0.01]], [[46.54157, 0.975], [69.81236, 0.015], [93.08314, 0.01]]]

T=[[[1, 0.01], [2, 0.99]], [[10, 0.01], [15, 0.015], [20, 0.975]], [[10, 0.01], [15, 0.015], [20, 0.975]], [[20, 0.01], [30, 0.015], [40, 0.975]], [[20, 0.01], [30, 0.015], [40, 0.975]], [[20, 0.01], [30, 0.015], [40, 0.975]], [[20, 0.01], [30, 0.015], [40, 0.975]], [[50, 0.01], [75, 0.015], [100, 0.975]], [[200, 0.01], [300, 0.015], [400, 0.975]], [[1000, 0.01], [1500, 0.015], [2000, 0.975]]]
C=[[[0.10258, 0.975], [0.15388, 0.015], [0.20517, 0.01]], [[0.00714, 0.975], [0.01071, 0.015], [0.01428, 0.01]], [[0.15811, 0.975], [0.23717, 0.015], [0.31622, 0.01]], [[0.28141, 0.975], [0.42211, 0.015], [0.56281, 0.01]], [[0.698, 0.975], [1.047, 0.015], [1.396, 0.01]], [[3.0689, 0.975], [4.60335, 0.015], [6.13781, 0.01]], [[0.93455, 0.975], [1.40182, 0.015], [1.86909, 0.01]], [[6.38037, 0.975], [9.57056, 0.015], [12.76074, 0.01]], [[25.94617, 0.975], [38.91925, 0.015], [51.89234, 0.01]], [[24.40973, 0.975], [36.6146, 0.015], [48.81947, 0.01]]]

T=[[[1, 0.01], [2, 0.99]], [[2, 0.01], [3, 0.015], [4, 0.975]], [[20, 0.01], [30, 0.015], [40, 0.975]], [[20, 0.01], [30, 0.015], [40, 0.975]], [[50, 0.01], [75, 0.015], [100, 0.975]], [[100, 0.01], [150, 0.015], [200, 0.975]], [[1000, 0.01], [1500, 0.015], [2000, 0.975]], [[1000, 0.01], [1500, 0.015], [2000, 0.975]], [[1000, 0.01], [1500, 0.015], [2000, 0.975]], [[1000, 0.01], [1500, 0.015], [2000, 0.975]]]
C=[[[0.04158, 0.975], [0.06237, 0.015], [0.08316, 0.01]], [[0.5423, 0.975], [0.81344, 0.015], [1.08459, 0.01]], [[1.33686, 0.975], [2.00529, 0.015], [2.67372, 0.01]], [[1.03305, 0.975], [1.54957, 0.015], [2.0661, 0.01]], [[1.03306, 0.975], [1.54959, 0.015], [2.06612, 0.01]], [[1.80081, 0.975], [2.70122, 0.015], [3.60162, 0.01]], [[93.91943, 0.975], [140.87914, 0.015], [187.83885, 0.01]], [[6.00041, 0.975], [9.00062, 0.015], [12.00083, 0.01]], [[24.13345, 0.975], [36.20017, 0.015], [48.2669, 0.01]], [[56.05267, 0.975], [84.07901, 0.015], [112.10535, 0.01]]]

T=[[[1, 0.01], [2, 0.99]], [[5, 0.01], [8, 0.015], [10, 0.975]], [[20, 0.01], [30, 0.015], [40, 0.975]], [[20, 0.01], [30, 0.015], [40, 0.975]], [[20, 0.01], [30, 0.015], [40, 0.975]], [[200, 0.01], [300, 0.015], [400, 0.975]], [[500, 0.01], [750, 0.015], [1000, 0.975]], [[500, 0.01], [750, 0.015], [1000, 0.975]], [[1000, 0.01], [1500, 0.015], [2000, 0.975]], [[1000, 0.01], [1500, 0.015], [2000, 0.975]]]
C=[[[0.01057, 0.975], [0.01586, 0.015], [0.02115, 0.01]], [[0.2535, 0.975], [0.38025, 0.015], [0.507, 0.01]], [[1.09008, 0.975], [1.63512, 0.015], [2.18016, 0.01]], [[1.77181, 0.975], [2.65772, 0.015], [3.54362, 0.01]], [[2.06697, 0.975], [3.10046, 0.015], [4.13394, 0.01]], [[3.24538, 0.975], [4.86807, 0.015], [6.49076, 0.01]], [[35.84116, 0.975], [53.76175, 0.015], [71.68233, 0.01]], [[33.06128, 0.975], [49.59192, 0.015], [66.12256, 0.01]], [[94.45067, 0.975], [141.676, 0.015], [188.90134, 0.01]], [[93.80009, 0.975], [140.70013, 0.015], [187.60017, 0.01]]]

T=[[[20, 0.01], [30, 0.015], [40, 0.975]], [[20, 0.01], [30, 0.015], [40, 0.975]], [[50, 0.01], [75, 0.015], [100, 0.975]], [[50, 0.01], [75, 0.015], [100, 0.975]], [[100, 0.01], [150, 0.015], [200, 0.975]], [[100, 0.01], [150, 0.015], [200, 0.975]], [[200, 0.01], [300, 0.015], [400, 0.975]], [[1000, 0.01], [1500, 0.015], [2000, 0.975]], [[1000, 0.01], [1500, 0.015], [2000, 0.975]], [[1000, 0.01], [1500, 0.015], [2000, 0.975]]]
C=[[[3.49454, 0.975], [5.24181, 0.015], [6.98908, 0.01]], [[3.20675, 0.975], [4.81012, 0.015], [6.41349, 0.01]], [[0.86078, 0.975], [1.29117, 0.015], [1.72155, 0.01]], [[0.87141, 0.975], [1.30712, 0.015], [1.74283, 0.01]], [[5.86764, 0.975], [8.80146, 0.015], [11.73528, 0.01]], [[9.94444, 0.975], [14.91666, 0.015], [19.88888, 0.01]], [[8.56039, 0.975], [12.84059, 0.015], [17.12079, 0.01]], [[9.88003, 0.975], [14.82005, 0.015], [19.76006, 0.01]], [[2.09285, 0.975], [3.13927, 0.015], [4.18569, 0.01]], [[67.39633, 0.975], [101.09449, 0.015], [134.79266, 0.01]]]

T=[[[1, 0.01], [2, 0.99]], [[1, 0.01], [2, 0.99]], [[20, 0.01], [30, 0.015], [40, 0.975]], [[20, 0.01], [30, 0.015], [40, 0.975]], [[50, 0.01], [75, 0.015], [100, 0.975]], [[100, 0.01], [150, 0.015], [200, 0.975]], [[200, 0.01], [300, 0.015], [400, 0.975]], [[200, 0.01], [300, 0.015], [400, 0.975]], [[200, 0.01], [300, 0.015], [400, 0.975]], [[1000, 0.01], [1500, 0.015], [2000, 0.975]]]
C=[[[0.02263, 0.975], [0.03394, 0.015], [0.04526, 0.01]], [[0.01738, 0.975], [0.02607, 0.015], [0.03476, 0.01]], [[1.98708, 0.975], [2.98062, 0.015], [3.97416, 0.01]], [[1.74739, 0.975], [2.62109, 0.015], [3.49478, 0.01]], [[0.3153, 0.975], [0.47295, 0.015], [0.6306, 0.01]], [[11.21331, 0.975], [16.81996, 0.015], [22.42661, 0.01]], [[6.86957, 0.975], [10.30436, 0.015], [13.73915, 0.01]], [[1.25321, 0.975], [1.87982, 0.015], [2.50643, 0.01]], [[21.92549, 0.975], [32.88824, 0.015], [43.85098, 0.01]], [[154.59036, 0.975], [231.88554, 0.015], [309.18071, 0.01]]]

T=[[[1, 0.01], [2, 0.99]], [[5, 0.01], [8, 0.015], [10, 0.975]], [[10, 0.01], [15, 0.015], [20, 0.975]], [[50, 0.01], [75, 0.015], [100, 0.975]], [[50, 0.01], [75, 0.015], [100, 0.975]], [[100, 0.01], [150, 0.015], [200, 0.975]], [[100, 0.01], [150, 0.015], [200, 0.975]], [[100, 0.01], [150, 0.015], [200, 0.975]], [[200, 0.01], [300, 0.015], [400, 0.975]], [[1000, 0.01], [1500, 0.015], [2000, 0.975]]]
C=[[[0.02319, 0.975], [0.03479, 0.015], [0.04639, 0.01]], [[0.68876, 0.975], [1.03314, 0.015], [1.37753, 0.01]], [[1.4195, 0.975], [2.12925, 0.015], [2.839, 0.01]], [[2.1467, 0.975], [3.22005, 0.015], [4.2934, 0.01]], [[1.67114, 0.975], [2.50671, 0.015], [3.34228, 0.01]], [[12.0994, 0.975], [18.1491, 0.015], [24.19879, 0.01]], [[3.53423, 0.975], [5.30135, 0.015], [7.06847, 0.01]], [[3.72971, 0.975], [5.59456, 0.015], [7.45942, 0.01]], [[4.16738, 0.975], [6.25106, 0.015], [8.33475, 0.01]], [[56.27784, 0.975], [84.41676, 0.015], [112.55567, 0.01]]]

T=[[[20, 0.01], [30, 0.015], [40, 0.975]], [[20, 0.01], [30, 0.015], [40, 0.975]], [[20, 0.01], [30, 0.015], [40, 0.975]], [[50, 0.01], [75, 0.015], [100, 0.975]], [[50, 0.01], [75, 0.015], [100, 0.975]], [[100, 0.01], [150, 0.015], [200, 0.975]], [[100, 0.01], [150, 0.015], [200, 0.975]], [[500, 0.01], [750, 0.015], [1000, 0.975]], [[500, 0.01], [750, 0.015], [1000, 0.975]], [[1000, 0.01], [1500, 0.015], [2000, 0.975]]]
C=[[[2.63272, 0.975], [3.94908, 0.015], [5.26544, 0.01]], [[1.33814, 0.975], [2.00721, 0.015], [2.67628, 0.01]], [[0.51827, 0.975], [0.77741, 0.015], [1.03655, 0.01]], [[9.84692, 0.975], [14.77038, 0.015], [19.69384, 0.01]], [[2.93781, 0.975], [4.40672, 0.015], [5.87563, 0.01]], [[2.65041, 0.975], [3.97561, 0.015], [5.30081, 0.01]], [[0.32898, 0.975], [0.49347, 0.015], [0.65795, 0.01]], [[33.22179, 0.975], [49.83268, 0.015], [66.44358, 0.01]], [[0.05933, 0.975], [0.08899, 0.015], [0.11865, 0.01]], [[73.49249, 0.975], [110.23874, 0.015], [146.98498, 0.01]]]

T=[[[1, 0.01], [2, 0.99]], [[1, 0.01], [2, 0.99]], [[2, 0.01], [3, 0.015], [4, 0.975]], [[10, 0.01], [15, 0.015], [20, 0.975]], [[50, 0.01], [75, 0.015], [100, 0.975]], [[100, 0.01], [150, 0.015], [200, 0.975]], [[200, 0.01], [300, 0.015], [400, 0.975]], [[200, 0.01], [300, 0.015], [400, 0.975]], [[500, 0.01], [750, 0.015], [1000, 0.975]], [[1000, 0.01], [1500, 0.015], [2000, 0.975]]]
C=[[[0.01584, 0.975], [0.02376, 0.015], [0.03168, 0.01]], [[0.11448, 0.975], [0.17172, 0.015], [0.22896, 0.01]], [[0.21906, 0.975], [0.32859, 0.015], [0.43812, 0.01]], [[1.47062, 0.975], [2.20593, 0.015], [2.94125, 0.01]], [[0.77311, 0.975], [1.15966, 0.015], [1.54622, 0.01]], [[0.38685, 0.975], [0.58027, 0.015], [0.77369, 0.01]], [[2.45466, 0.975], [3.68199, 0.015], [4.90931, 0.01]], [[36.15681, 0.975], [54.23522, 0.015], [72.31362, 0.01]], [[16.04066, 0.975], [24.06098, 0.015], [32.08131, 0.01]], [[18.61823, 0.975], [27.92734, 0.015], [37.23645, 0.01]]]

T=[[[1, 0.01], [2, 0.99]], [[2, 0.01], [3, 0.015], [4, 0.975]], [[5, 0.01], [8, 0.015], [10, 0.975]], [[5, 0.01], [8, 0.015], [10, 0.975]], [[10, 0.01], [15, 0.015], [20, 0.975]], [[50, 0.01], [75, 0.015], [100, 0.975]], [[100, 0.01], [150, 0.015], [200, 0.975]], [[100, 0.01], [150, 0.015], [200, 0.975]], [[100, 0.01], [150, 0.015], [200, 0.975]], [[100, 0.01], [150, 0.015], [200, 0.975]]]
C=[[[0.02449, 0.975], [0.03673, 0.015], [0.04898, 0.01]], [[0.08645, 0.975], [0.12967, 0.015], [0.1729, 0.01]], [[0.02118, 0.975], [0.03177, 0.015], [0.04236, 0.01]], [[0.26594, 0.975], [0.39891, 0.015], [0.53189, 0.01]], [[1.71127, 0.975], [2.5669, 0.015], [3.42254, 0.01]], [[3.94085, 0.975], [5.91128, 0.015], [7.88171, 0.01]], [[5.69024, 0.975], [8.53536, 0.015], [11.38048, 0.01]], [[11.39982, 0.975], [17.09973, 0.015], [22.79964, 0.01]], [[8.74692, 0.975], [13.12039, 0.015], [17.49385, 0.01]], [[1.65497, 0.975], [2.48246, 0.015], [3.30994, 0.01]]]

T=[[[1, 0.01], [2, 0.99]], [[5, 0.01], [8, 0.015], [10, 0.975]], [[5, 0.01], [8, 0.015], [10, 0.975]], [[10, 0.01], [15, 0.015], [20, 0.975]], [[50, 0.01], [75, 0.015], [100, 0.975]], [[200, 0.01], [300, 0.015], [400, 0.975]], [[500, 0.01], [750, 0.015], [1000, 0.975]], [[500, 0.01], [750, 0.015], [1000, 0.975]], [[500, 0.01], [750, 0.015], [1000, 0.975]], [[1000, 0.01], [1500, 0.015], [2000, 0.975]]]
C=[[[0.06035, 0.975], [0.09052, 0.015], [0.1207, 0.01]], [[0.00819, 0.975], [0.01229, 0.015], [0.01638, 0.01]], [[1.6565, 0.975], [2.48475, 0.015], [3.313, 0.01]], [[0.13468, 0.975], [0.20202, 0.015], [0.26935, 0.01]], [[0.86435, 0.975], [1.29653, 0.015], [1.72871, 0.01]], [[0.12725, 0.975], [0.19087, 0.015], [0.2545, 0.01]], [[16.89409, 0.975], [25.34114, 0.015], [33.78819, 0.01]], [[0.79872, 0.975], [1.19808, 0.015], [1.59744, 0.01]], [[79.41823, 0.975], [119.12734, 0.015], [158.83646, 0.01]], [[31.10118, 0.975], [46.65177, 0.015], [62.20236, 0.01]]]

T=[[[2, 0.01], [3, 0.015], [4, 0.975]], [[2, 0.01], [3, 0.015], [4, 0.975]], [[100, 0.01], [150, 0.015], [200, 0.975]], [[100, 0.01], [150, 0.015], [200, 0.975]], [[100, 0.01], [150, 0.015], [200, 0.975]], [[100, 0.01], [150, 0.015], [200, 0.975]], [[200, 0.01], [300, 0.015], [400, 0.975]], [[200, 0.01], [300, 0.015], [400, 0.975]], [[200, 0.01], [300, 0.015], [400, 0.975]], [[500, 0.01], [750, 0.015], [1000, 0.975]]]
C=[[[0.55072, 0.975], [0.82608, 0.015], [1.10144, 0.01]], [[0.03193, 0.975], [0.04789, 0.015], [0.06385, 0.01]], [[0.54481, 0.975], [0.81722, 0.015], [1.08963, 0.01]], [[16.85392, 0.975], [25.28088, 0.015], [33.70785, 0.01]], [[1.77679, 0.975], [2.66518, 0.015], [3.55357, 0.01]], [[2.99267, 0.975], [4.489, 0.015], [5.98533, 0.01]], [[17.03346, 0.975], [25.55019, 0.015], [34.06691, 0.01]], [[2.36565, 0.975], [3.54848, 0.015], [4.7313, 0.01]], [[1.59759, 0.975], [2.39638, 0.015], [3.19517, 0.01]], [[16.00549, 0.975], [24.00824, 0.015], [32.01098, 0.01]]]

