T=[[[1, 0.01], [2, 0.99]], [[1, 0.01], [2, 0.99]], [[2, 0.01], [3, 0.0375], [4, 0.9525]], [[20, 0.01], [25, 0.015], [30, 0.0225], [35, 0.03375], [40, 0.91875]], [[50, 0.01], [63, 0.015], [75, 0.0225], [88, 0.03375], [100, 0.91875]], [[50, 0.01], [63, 0.015], [75, 0.0225], [88, 0.03375], [100, 0.91875]], [[50, 0.01], [63, 0.015], [75, 0.0225], [88, 0.03375], [100, 0.91875]], [[100, 0.01], [125, 0.015], [150, 0.0225], [175, 0.03375], [200, 0.91875]], [[200, 0.01], [250, 0.015], [300, 0.0225], [350, 0.03375], [400, 0.91875]], [[1000, 0.01], [1250, 0.015], [1500, 0.0225], [1750, 0.03375], [2000, 0.91875]]]
C=[[[0.01944, 0.91875], [0.0243, 0.03375], [0.02917, 0.0225], [0.03403, 0.015], [0.03889, 0.01]], [[0.01991, 0.91875], [0.02488, 0.03375], [0.02986, 0.0225], [0.03484, 0.015], [0.03981, 0.01]], [[0.02823, 0.91875], [0.03529, 0.03375], [0.04235, 0.0225], [0.0494, 0.015], [0.05646, 0.01]], [[0.51319, 0.91875], [0.64148, 0.03375], [0.76978, 0.0225], [0.89808, 0.015], [1.02637, 0.01]], [[12.78433, 0.91875], [15.98042, 0.03375], [19.1765, 0.0225], [22.37258, 0.015], [25.56867, 0.01]], [[5.96985, 0.91875], [7.46231, 0.03375], [8.95477, 0.0225], [10.44723, 0.015], [11.9397, 0.01]], [[1.44006, 0.91875], [1.80007, 0.03375], [2.16009, 0.0225], [2.5201, 0.015], [2.88012, 0.01]], [[1.05036, 0.91875], [1.31295, 0.03375], [1.57554, 0.0225], [1.83813, 0.015], [2.10072, 0.01]], [[23.14939, 0.91875], [28.93674, 0.03375], [34.72409, 0.0225], [40.51144, 0.015], [46.29879, 0.01]], [[90.73895, 0.91875], [113.42369, 0.03375], [136.10843, 0.0225], [158.79317, 0.015], [181.47791, 0.01]]]

T=[[[1, 0.01], [2, 0.99]], [[1, 0.01], [2, 0.99]], [[2, 0.01], [3, 0.0375], [4, 0.9525]], [[5, 0.01], [7, 0.015], [8, 0.0225], [9, 0.03375], [10, 0.91875]], [[5, 0.01], [7, 0.015], [8, 0.0225], [9, 0.03375], [10, 0.91875]], [[5, 0.01], [7, 0.015], [8, 0.0225], [9, 0.03375], [10, 0.91875]], [[100, 0.01], [125, 0.015], [150, 0.0225], [175, 0.03375], [200, 0.91875]], [[200, 0.01], [250, 0.015], [300, 0.0225], [350, 0.03375], [400, 0.91875]], [[200, 0.01], [250, 0.015], [300, 0.0225], [350, 0.03375], [400, 0.91875]], [[1000, 0.01], [1250, 0.015], [1500, 0.0225], [1750, 0.03375], [2000, 0.91875]]]
C=[[[0.10114, 0.91875], [0.12643, 0.03375], [0.15171, 0.0225], [0.177, 0.015], [0.20228, 0.01]], [[0.21304, 0.91875], [0.2663, 0.03375], [0.31956, 0.0225], [0.37282, 0.015], [0.42608, 0.01]], [[0.0296, 0.91875], [0.037, 0.03375], [0.0444, 0.0225], [0.05179, 0.015], [0.05919, 0.01]], [[0.18962, 0.91875], [0.23703, 0.03375], [0.28443, 0.0225], [0.33184, 0.015], [0.37924, 0.01]], [[0.33026, 0.91875], [0.41282, 0.03375], [0.49539, 0.0225], [0.57795, 0.015], [0.66052, 0.01]], [[0.20838, 0.91875], [0.26048, 0.03375], [0.31257, 0.0225], [0.36467, 0.015], [0.41677, 0.01]], [[13.64983, 0.91875], [17.06228, 0.03375], [20.47474, 0.0225], [23.88719, 0.015], [27.29965, 0.01]], [[9.82151, 0.91875], [12.27689, 0.03375], [14.73227, 0.0225], [17.18765, 0.015], [19.64302, 0.01]], [[5.27153, 0.91875], [6.58941, 0.03375], [7.90729, 0.0225], [9.22517, 0.015], [10.54305, 0.01]], [[13.4051, 0.91875], [16.75637, 0.03375], [20.10764, 0.0225], [23.45892, 0.015], [26.81019, 0.01]]]

T=[[[2, 0.01], [3, 0.0375], [4, 0.9525]], [[2, 0.01], [3, 0.0375], [4, 0.9525]], [[10, 0.01], [13, 0.015], [15, 0.0225], [18, 0.03375], [20, 0.91875]], [[20, 0.01], [25, 0.015], [30, 0.0225], [35, 0.03375], [40, 0.91875]], [[50, 0.01], [63, 0.015], [75, 0.0225], [88, 0.03375], [100, 0.91875]], [[100, 0.01], [125, 0.015], [150, 0.0225], [175, 0.03375], [200, 0.91875]], [[100, 0.01], [125, 0.015], [150, 0.0225], [175, 0.03375], [200, 0.91875]], [[200, 0.01], [250, 0.015], [300, 0.0225], [350, 0.03375], [400, 0.91875]], [[500, 0.01], [625, 0.015], [750, 0.0225], [875, 0.03375], [1000, 0.91875]], [[1000, 0.01], [1250, 0.015], [1500, 0.0225], [1750, 0.03375], [2000, 0.91875]]]
C=[[[0.25265, 0.91875], [0.31582, 0.03375], [0.37898, 0.0225], [0.44214, 0.015], [0.50531, 0.01]], [[0.59805, 0.91875], [0.74756, 0.03375], [0.89707, 0.0225], [1.04658, 0.015], [1.19609, 0.01]], [[0.04207, 0.91875], [0.05258, 0.03375], [0.0631, 0.0225], [0.07362, 0.015], [0.08414, 0.01]], [[0.27279, 0.91875], [0.34098, 0.03375], [0.40918, 0.0225], [0.47737, 0.015], [0.54557, 0.01]], [[0.85016, 0.91875], [1.0627, 0.03375], [1.27525, 0.0225], [1.48779, 0.015], [1.70033, 0.01]], [[3.33821, 0.91875], [4.17276, 0.03375], [5.00731, 0.0225], [5.84186, 0.015], [6.67641, 0.01]], [[5.8288, 0.91875], [7.286, 0.03375], [8.7432, 0.0225], [10.20041, 0.015], [11.65761, 0.01]], [[0.71239, 0.91875], [0.89049, 0.03375], [1.06859, 0.0225], [1.24669, 0.015], [1.42478, 0.01]], [[52.60876, 0.91875], [65.76095, 0.03375], [78.91315, 0.0225], [92.06534, 0.015], [105.21753, 0.01]], [[39.35147, 0.91875], [49.18933, 0.03375], [59.0272, 0.0225], [68.86507, 0.015], [78.70293, 0.01]]]

T=[[[1, 0.01], [2, 0.99]], [[2, 0.01], [3, 0.0375], [4, 0.9525]], [[10, 0.01], [13, 0.015], [15, 0.0225], [18, 0.03375], [20, 0.91875]], [[50, 0.01], [63, 0.015], [75, 0.0225], [88, 0.03375], [100, 0.91875]], [[100, 0.01], [125, 0.015], [150, 0.0225], [175, 0.03375], [200, 0.91875]], [[200, 0.01], [250, 0.015], [300, 0.0225], [350, 0.03375], [400, 0.91875]], [[200, 0.01], [250, 0.015], [300, 0.0225], [350, 0.03375], [400, 0.91875]], [[200, 0.01], [250, 0.015], [300, 0.0225], [350, 0.03375], [400, 0.91875]], [[200, 0.01], [250, 0.015], [300, 0.0225], [350, 0.03375], [400, 0.91875]], [[500, 0.01], [625, 0.015], [750, 0.0225], [875, 0.03375], [1000, 0.91875]]]
C=[[[0.02782, 0.91875], [0.03477, 0.03375], [0.04173, 0.0225], [0.04868, 0.015], [0.05564, 0.01]], [[0.53329, 0.91875], [0.66661, 0.03375], [0.79993, 0.0225], [0.93325, 0.015], [1.06657, 0.01]], [[0.37484, 0.91875], [0.46855, 0.03375], [0.56226, 0.0225], [0.65597, 0.015], [0.74968, 0.01]], [[5.1782, 0.91875], [6.47276, 0.03375], [7.76731, 0.0225], [9.06186, 0.015], [10.35641, 0.01]], [[9.42334, 0.91875], [11.77918, 0.03375], [14.13501, 0.0225], [16.49085, 0.015], [18.84668, 0.01]], [[0.86984, 0.91875], [1.0873, 0.03375], [1.30476, 0.0225], [1.52222, 0.015], [1.73968, 0.01]], [[0.23942, 0.91875], [0.29927, 0.03375], [0.35913, 0.0225], [0.41898, 0.015], [0.47884, 0.01]], [[4.83049, 0.91875], [6.03811, 0.03375], [7.24574, 0.0225], [8.45336, 0.015], [9.66098, 0.01]], [[14.24455, 0.91875], [17.80568, 0.03375], [21.36682, 0.0225], [24.92796, 0.015], [28.48909, 0.01]], [[34.66706, 0.91875], [43.33383, 0.03375], [52.00059, 0.0225], [60.66736, 0.015], [69.33412, 0.01]]]

T=[[[5, 0.01], [7, 0.015], [8, 0.0225], [9, 0.03375], [10, 0.91875]], [[5, 0.01], [7, 0.015], [8, 0.0225], [9, 0.03375], [10, 0.91875]], [[50, 0.01], [63, 0.015], [75, 0.0225], [88, 0.03375], [100, 0.91875]], [[50, 0.01], [63, 0.015], [75, 0.0225], [88, 0.03375], [100, 0.91875]], [[50, 0.01], [63, 0.015], [75, 0.0225], [88, 0.03375], [100, 0.91875]], [[100, 0.01], [125, 0.015], [150, 0.0225], [175, 0.03375], [200, 0.91875]], [[500, 0.01], [625, 0.015], [750, 0.0225], [875, 0.03375], [1000, 0.91875]], [[500, 0.01], [625, 0.015], [750, 0.0225], [875, 0.03375], [1000, 0.91875]], [[500, 0.01], [625, 0.015], [750, 0.0225], [875, 0.03375], [1000, 0.91875]], [[1000, 0.01], [1250, 0.015], [1500, 0.0225], [1750, 0.03375], [2000, 0.91875]]]
C=[[[0.48617, 0.91875], [0.60771, 0.03375], [0.72925, 0.0225], [0.8508, 0.015], [0.97234, 0.01]], [[0.05189, 0.91875], [0.06486, 0.03375], [0.07783, 0.0225], [0.0908, 0.015], [0.10377, 0.01]], [[3.42954, 0.91875], [4.28693, 0.03375], [5.14431, 0.0225], [6.0017, 0.015], [6.85909, 0.01]], [[7.12477, 0.91875], [8.90596, 0.03375], [10.68715, 0.0225], [12.46834, 0.015], [14.24953, 0.01]], [[1.88443, 0.91875], [2.35554, 0.03375], [2.82665, 0.0225], [3.29776, 0.015], [3.76887, 0.01]], [[1.7639, 0.91875], [2.20487, 0.03375], [2.64585, 0.0225], [3.08682, 0.015], [3.5278, 0.01]], [[38.11592, 0.91875], [47.64489, 0.03375], [57.17387, 0.0225], [66.70285, 0.015], [76.23183, 0.01]], [[21.07967, 0.91875], [26.34959, 0.03375], [31.6195, 0.0225], [36.88942, 0.015], [42.15934, 0.01]], [[47.97902, 0.91875], [59.97377, 0.03375], [71.96853, 0.0225], [83.96328, 0.015], [95.95804, 0.01]], [[111.62567, 0.91875], [139.53209, 0.03375], [167.43851, 0.0225], [195.34493, 0.015], [223.25135, 0.01]]]

T=[[[2, 0.01], [3, 0.0375], [4, 0.9525]], [[2, 0.01], [3, 0.0375], [4, 0.9525]], [[5, 0.01], [7, 0.015], [8, 0.0225], [9, 0.03375], [10, 0.91875]], [[5, 0.01], [7, 0.015], [8, 0.0225], [9, 0.03375], [10, 0.91875]], [[5, 0.01], [7, 0.015], [8, 0.0225], [9, 0.03375], [10, 0.91875]], [[20, 0.01], [25, 0.015], [30, 0.0225], [35, 0.03375], [40, 0.91875]], [[50, 0.01], [63, 0.015], [75, 0.0225], [88, 0.03375], [100, 0.91875]], [[50, 0.01], [63, 0.015], [75, 0.0225], [88, 0.03375], [100, 0.91875]], [[200, 0.01], [250, 0.015], [300, 0.0225], [350, 0.03375], [400, 0.91875]], [[1000, 0.01], [1250, 0.015], [1500, 0.0225], [1750, 0.03375], [2000, 0.91875]]]
C=[[[0.14204, 0.91875], [0.17755, 0.03375], [0.21307, 0.0225], [0.24858, 0.015], [0.28409, 0.01]], [[0.0697, 0.91875], [0.08712, 0.03375], [0.10455, 0.0225], [0.12197, 0.015], [0.1394, 0.01]], [[0.6794, 0.91875], [0.84925, 0.03375], [1.0191, 0.0225], [1.18895, 0.015], [1.3588, 0.01]], [[0.48561, 0.91875], [0.60701, 0.03375], [0.72841, 0.0225], [0.84981, 0.015], [0.97122, 0.01]], [[0.10156, 0.91875], [0.12695, 0.03375], [0.15234, 0.0225], [0.17773, 0.015], [0.20312, 0.01]], [[3.13865, 0.91875], [3.92332, 0.03375], [4.70798, 0.0225], [5.49264, 0.015], [6.27731, 0.01]], [[2.84809, 0.91875], [3.56011, 0.03375], [4.27214, 0.0225], [4.98416, 0.015], [5.69618, 0.01]], [[5.46163, 0.91875], [6.82703, 0.03375], [8.19244, 0.0225], [9.55785, 0.015], [10.92325, 0.01]], [[0.69788, 0.91875], [0.87235, 0.03375], [1.04682, 0.0225], [1.22129, 0.015], [1.39575, 0.01]], [[14.19968, 0.91875], [17.7496, 0.03375], [21.29952, 0.0225], [24.84944, 0.015], [28.39936, 0.01]]]

T=[[[1, 0.01], [2, 0.99]], [[2, 0.01], [3, 0.0375], [4, 0.9525]], [[5, 0.01], [7, 0.015], [8, 0.0225], [9, 0.03375], [10, 0.91875]], [[10, 0.01], [13, 0.015], [15, 0.0225], [18, 0.03375], [20, 0.91875]], [[50, 0.01], [63, 0.015], [75, 0.0225], [88, 0.03375], [100, 0.91875]], [[200, 0.01], [250, 0.015], [300, 0.0225], [350, 0.03375], [400, 0.91875]], [[200, 0.01], [250, 0.015], [300, 0.0225], [350, 0.03375], [400, 0.91875]], [[200, 0.01], [250, 0.015], [300, 0.0225], [350, 0.03375], [400, 0.91875]], [[500, 0.01], [625, 0.015], [750, 0.0225], [875, 0.03375], [1000, 0.91875]], [[500, 0.01], [625, 0.015], [750, 0.0225], [875, 0.03375], [1000, 0.91875]]]
C=[[[0.02871, 0.91875], [0.03588, 0.03375], [0.04306, 0.0225], [0.05024, 0.015], [0.05741, 0.01]], [[0.07496, 0.91875], [0.0937, 0.03375], [0.11245, 0.0225], [0.13119, 0.015], [0.14993, 0.01]], [[0.0564, 0.91875], [0.07049, 0.03375], [0.08459, 0.0225], [0.09869, 0.015], [0.11279, 0.01]], [[0.25948, 0.91875], [0.32435, 0.03375], [0.38922, 0.0225], [0.45409, 0.015], [0.51896, 0.01]], [[5.18811, 0.91875], [6.48513, 0.03375], [7.78216, 0.0225], [9.07919, 0.015], [10.37621, 0.01]], [[9.85439, 0.91875], [12.31798, 0.03375], [14.78158, 0.0225], [17.24517, 0.015], [19.70877, 0.01]], [[0.85505, 0.91875], [1.06881, 0.03375], [1.28258, 0.0225], [1.49634, 0.015], [1.7101, 0.01]], [[30.66013, 0.91875], [38.32516, 0.03375], [45.9902, 0.0225], [53.65523, 0.015], [61.32026, 0.01]], [[86.74018, 0.91875], [108.42523, 0.03375], [130.11028, 0.0225], [151.79532, 0.015], [173.48037, 0.01]], [[56.24718, 0.91875], [70.30897, 0.03375], [84.37077, 0.0225], [98.43256, 0.015], [112.49436, 0.01]]]

T=[[[1, 0.01], [2, 0.99]], [[5, 0.01], [7, 0.015], [8, 0.0225], [9, 0.03375], [10, 0.91875]], [[10, 0.01], [13, 0.015], [15, 0.0225], [18, 0.03375], [20, 0.91875]], [[20, 0.01], [25, 0.015], [30, 0.0225], [35, 0.03375], [40, 0.91875]], [[50, 0.01], [63, 0.015], [75, 0.0225], [88, 0.03375], [100, 0.91875]], [[100, 0.01], [125, 0.015], [150, 0.0225], [175, 0.03375], [200, 0.91875]], [[200, 0.01], [250, 0.015], [300, 0.0225], [350, 0.03375], [400, 0.91875]], [[500, 0.01], [625, 0.015], [750, 0.0225], [875, 0.03375], [1000, 0.91875]], [[500, 0.01], [625, 0.015], [750, 0.0225], [875, 0.03375], [1000, 0.91875]], [[500, 0.01], [625, 0.015], [750, 0.0225], [875, 0.03375], [1000, 0.91875]]]
C=[[[0.07076, 0.91875], [0.08845, 0.03375], [0.10614, 0.0225], [0.12383, 0.015], [0.14151, 0.01]], [[0.10053, 0.91875], [0.12566, 0.03375], [0.1508, 0.0225], [0.17593, 0.015], [0.20106, 0.01]], [[1.95542, 0.91875], [2.44427, 0.03375], [2.93313, 0.0225], [3.42198, 0.015], [3.91084, 0.01]], [[0.81505, 0.91875], [1.01882, 0.03375], [1.22258, 0.0225], [1.42634, 0.015], [1.63011, 0.01]], [[6.09482, 0.91875], [7.61852, 0.03375], [9.14222, 0.0225], [10.66593, 0.015], [12.18963, 0.01]], [[5.18585, 0.91875], [6.48231, 0.03375], [7.77877, 0.0225], [9.07523, 0.015], [10.37169, 0.01]], [[10.97277, 0.91875], [13.71596, 0.03375], [16.45916, 0.0225], [19.20235, 0.015], [21.94554, 0.01]], [[33.55679, 0.91875], [41.94598, 0.03375], [50.33518, 0.0225], [58.72438, 0.015], [67.11357, 0.01]], [[28.20596, 0.91875], [35.25745, 0.03375], [42.30894, 0.0225], [49.36043, 0.015], [56.41192, 0.01]], [[10.34875, 0.91875], [12.93593, 0.03375], [15.52312, 0.0225], [18.11031, 0.015], [20.6975, 0.01]]]

T=[[[2, 0.01], [3, 0.0375], [4, 0.9525]], [[5, 0.01], [7, 0.015], [8, 0.0225], [9, 0.03375], [10, 0.91875]], [[10, 0.01], [13, 0.015], [15, 0.0225], [18, 0.03375], [20, 0.91875]], [[10, 0.01], [13, 0.015], [15, 0.0225], [18, 0.03375], [20, 0.91875]], [[20, 0.01], [25, 0.015], [30, 0.0225], [35, 0.03375], [40, 0.91875]], [[20, 0.01], [25, 0.015], [30, 0.0225], [35, 0.03375], [40, 0.91875]], [[50, 0.01], [63, 0.015], [75, 0.0225], [88, 0.03375], [100, 0.91875]], [[100, 0.01], [125, 0.015], [150, 0.0225], [175, 0.03375], [200, 0.91875]], [[200, 0.01], [250, 0.015], [300, 0.0225], [350, 0.03375], [400, 0.91875]], [[1000, 0.01], [1250, 0.015], [1500, 0.0225], [1750, 0.03375], [2000, 0.91875]]]
C=[[[0.09607, 0.91875], [0.12009, 0.03375], [0.14411, 0.0225], [0.16813, 0.015], [0.19215, 0.01]], [[1.02456, 0.91875], [1.28069, 0.03375], [1.53683, 0.0225], [1.79297, 0.015], [2.04911, 0.01]], [[0.35507, 0.91875], [0.44384, 0.03375], [0.53261, 0.0225], [0.62138, 0.015], [0.71014, 0.01]], [[1.88223, 0.91875], [2.35279, 0.03375], [2.82335, 0.0225], [3.2939, 0.015], [3.76446, 0.01]], [[0.09299, 0.91875], [0.11624, 0.03375], [0.13948, 0.0225], [0.16273, 0.015], [0.18598, 0.01]], [[0.33592, 0.91875], [0.4199, 0.03375], [0.50388, 0.0225], [0.58786, 0.015], [0.67183, 0.01]], [[0.11054, 0.91875], [0.13818, 0.03375], [0.16581, 0.0225], [0.19345, 0.015], [0.22108, 0.01]], [[13.03136, 0.91875], [16.28921, 0.03375], [19.54705, 0.0225], [22.80489, 0.015], [26.06273, 0.01]], [[4.81764, 0.91875], [6.02205, 0.03375], [7.22647, 0.0225], [8.43088, 0.015], [9.63529, 0.01]], [[45.26366, 0.91875], [56.57958, 0.03375], [67.89549, 0.0225], [79.21141, 0.015], [90.52733, 0.01]]]

T=[[[1, 0.01], [2, 0.99]], [[1, 0.01], [2, 0.99]], [[2, 0.01], [3, 0.0375], [4, 0.9525]], [[2, 0.01], [3, 0.0375], [4, 0.9525]], [[20, 0.01], [25, 0.015], [30, 0.0225], [35, 0.03375], [40, 0.91875]], [[20, 0.01], [25, 0.015], [30, 0.0225], [35, 0.03375], [40, 0.91875]], [[500, 0.01], [625, 0.015], [750, 0.0225], [875, 0.03375], [1000, 0.91875]], [[500, 0.01], [625, 0.015], [750, 0.0225], [875, 0.03375], [1000, 0.91875]], [[1000, 0.01], [1250, 0.015], [1500, 0.0225], [1750, 0.03375], [2000, 0.91875]], [[1000, 0.01], [1250, 0.015], [1500, 0.0225], [1750, 0.03375], [2000, 0.91875]]]
C=[[[0.06901, 0.91875], [0.08626, 0.03375], [0.10352, 0.0225], [0.12077, 0.015], [0.13802, 0.01]], [[0.06228, 0.91875], [0.07785, 0.03375], [0.09342, 0.0225], [0.10899, 0.015], [0.12455, 0.01]], [[0.03451, 0.91875], [0.04313, 0.03375], [0.05176, 0.0225], [0.06039, 0.015], [0.06902, 0.01]], [[0.01765, 0.91875], [0.02206, 0.03375], [0.02648, 0.0225], [0.03089, 0.015], [0.0353, 0.01]], [[4.43633, 0.91875], [5.54541, 0.03375], [6.6545, 0.0225], [7.76358, 0.015], [8.87266, 0.01]], [[0.67036, 0.91875], [0.83795, 0.03375], [1.00554, 0.0225], [1.17313, 0.015], [1.34072, 0.01]], [[22.91001, 0.91875], [28.63751, 0.03375], [34.36501, 0.0225], [40.09251, 0.015], [45.82001, 0.01]], [[0.7668, 0.91875], [0.9585, 0.03375], [1.1502, 0.0225], [1.3419, 0.015], [1.5336, 0.01]], [[27.30168, 0.91875], [34.1271, 0.03375], [40.95252, 0.0225], [47.77794, 0.015], [54.60336, 0.01]], [[212.64153, 0.91875], [265.80191, 0.03375], [318.96229, 0.0225], [372.12267, 0.015], [425.28305, 0.01]]]

T=[[[1, 0.01], [2, 0.99]], [[1, 0.01], [2, 0.99]], [[5, 0.01], [7, 0.015], [8, 0.0225], [9, 0.03375], [10, 0.91875]], [[50, 0.01], [63, 0.015], [75, 0.0225], [88, 0.03375], [100, 0.91875]], [[50, 0.01], [63, 0.015], [75, 0.0225], [88, 0.03375], [100, 0.91875]], [[1000, 0.01], [1250, 0.015], [1500, 0.0225], [1750, 0.03375], [2000, 0.91875]], [[1000, 0.01], [1250, 0.015], [1500, 0.0225], [1750, 0.03375], [2000, 0.91875]], [[1000, 0.01], [1250, 0.015], [1500, 0.0225], [1750, 0.03375], [2000, 0.91875]], [[1000, 0.01], [1250, 0.015], [1500, 0.0225], [1750, 0.03375], [2000, 0.91875]], [[1000, 0.01], [1250, 0.015], [1500, 0.0225], [1750, 0.03375], [2000, 0.91875]]]
C=[[[0.116, 0.91875], [0.145, 0.03375], [0.174, 0.0225], [0.203, 0.015], [0.232, 0.01]], [[0.06874, 0.91875], [0.08592, 0.03375], [0.1031, 0.0225], [0.12029, 0.015], [0.13747, 0.01]], [[0.25517, 0.91875], [0.31896, 0.03375], [0.38275, 0.0225], [0.44654, 0.015], [0.51033, 0.01]], [[1.21874, 0.91875], [1.52343, 0.03375], [1.82812, 0.0225], [2.1328, 0.015], [2.43749, 0.01]], [[2.05658, 0.91875], [2.57073, 0.03375], [3.08487, 0.0225], [3.59902, 0.015], [4.11317, 0.01]], [[123.8272, 0.91875], [154.784, 0.03375], [185.7408, 0.0225], [216.6976, 0.015], [247.6544, 0.01]], [[25.65666, 0.91875], [32.07082, 0.03375], [38.48498, 0.0225], [44.89915, 0.015], [51.31331, 0.01]], [[67.80606, 0.91875], [84.75757, 0.03375], [101.70908, 0.0225], [118.6606, 0.015], [135.61211, 0.01]], [[149.8157, 0.91875], [187.26962, 0.03375], [224.72355, 0.0225], [262.17747, 0.015], [299.6314, 0.01]], [[31.61979, 0.91875], [39.52474, 0.03375], [47.42968, 0.0225], [55.33463, 0.015], [63.23958, 0.01]]]

T=[[[1, 0.01], [2, 0.99]], [[2, 0.01], [3, 0.0375], [4, 0.9525]], [[20, 0.01], [25, 0.015], [30, 0.0225], [35, 0.03375], [40, 0.91875]], [[50, 0.01], [63, 0.015], [75, 0.0225], [88, 0.03375], [100, 0.91875]], [[100, 0.01], [125, 0.015], [150, 0.0225], [175, 0.03375], [200, 0.91875]], [[200, 0.01], [250, 0.015], [300, 0.0225], [350, 0.03375], [400, 0.91875]], [[500, 0.01], [625, 0.015], [750, 0.0225], [875, 0.03375], [1000, 0.91875]], [[500, 0.01], [625, 0.015], [750, 0.0225], [875, 0.03375], [1000, 0.91875]], [[1000, 0.01], [1250, 0.015], [1500, 0.0225], [1750, 0.03375], [2000, 0.91875]], [[1000, 0.01], [1250, 0.015], [1500, 0.0225], [1750, 0.03375], [2000, 0.91875]]]
C=[[[0.09549, 0.91875], [0.11936, 0.03375], [0.14323, 0.0225], [0.16711, 0.015], [0.19098, 0.01]], [[0.33188, 0.91875], [0.41485, 0.03375], [0.49781, 0.0225], [0.58078, 0.015], [0.66375, 0.01]], [[1.60473, 0.91875], [2.00591, 0.03375], [2.40709, 0.0225], [2.80827, 0.015], [3.20945, 0.01]], [[6.0709, 0.91875], [7.58862, 0.03375], [9.10634, 0.0225], [10.62407, 0.015], [12.14179, 0.01]], [[3.67908, 0.91875], [4.59885, 0.03375], [5.51862, 0.0225], [6.43839, 0.015], [7.35816, 0.01]], [[6.54575, 0.91875], [8.18219, 0.03375], [9.81863, 0.0225], [11.45507, 0.015], [13.0915, 0.01]], [[0.36803, 0.91875], [0.46004, 0.03375], [0.55204, 0.0225], [0.64405, 0.015], [0.73606, 0.01]], [[6.33414, 0.91875], [7.91767, 0.03375], [9.5012, 0.0225], [11.08474, 0.015], [12.66827, 0.01]], [[111.63572, 0.91875], [139.54465, 0.03375], [167.45358, 0.0225], [195.36251, 0.015], [223.27144, 0.01]], [[42.35801, 0.91875], [52.94751, 0.03375], [63.53701, 0.0225], [74.12651, 0.015], [84.71601, 0.01]]]

T=[[[2, 0.01], [3, 0.0375], [4, 0.9525]], [[5, 0.01], [7, 0.015], [8, 0.0225], [9, 0.03375], [10, 0.91875]], [[5, 0.01], [7, 0.015], [8, 0.0225], [9, 0.03375], [10, 0.91875]], [[5, 0.01], [7, 0.015], [8, 0.0225], [9, 0.03375], [10, 0.91875]], [[10, 0.01], [13, 0.015], [15, 0.0225], [18, 0.03375], [20, 0.91875]], [[10, 0.01], [13, 0.015], [15, 0.0225], [18, 0.03375], [20, 0.91875]], [[100, 0.01], [125, 0.015], [150, 0.0225], [175, 0.03375], [200, 0.91875]], [[200, 0.01], [250, 0.015], [300, 0.0225], [350, 0.03375], [400, 0.91875]], [[200, 0.01], [250, 0.015], [300, 0.0225], [350, 0.03375], [400, 0.91875]], [[500, 0.01], [625, 0.015], [750, 0.0225], [875, 0.03375], [1000, 0.91875]]]
C=[[[0.2364, 0.91875], [0.2955, 0.03375], [0.3546, 0.0225], [0.4137, 0.015], [0.4728, 0.01]], [[0.4417, 0.91875], [0.55213, 0.03375], [0.66255, 0.0225], [0.77298, 0.015], [0.8834, 0.01]], [[0.37453, 0.91875], [0.46816, 0.03375], [0.56179, 0.0225], [0.65543, 0.015], [0.74906, 0.01]], [[0.69184, 0.91875], [0.8648, 0.03375], [1.03776, 0.0225], [1.21072, 0.015], [1.38368, 0.01]], [[1.34873, 0.91875], [1.68591, 0.03375], [2.0231, 0.0225], [2.36028, 0.015], [2.69746, 0.01]], [[0.25763, 0.91875], [0.32204, 0.03375], [0.38645, 0.0225], [0.45086, 0.015], [0.51526, 0.01]], [[1.2425, 0.91875], [1.55312, 0.03375], [1.86375, 0.0225], [2.17437, 0.015], [2.485, 0.01]], [[8.02344, 0.91875], [10.0293, 0.03375], [12.03516, 0.0225], [14.04102, 0.015], [16.04688, 0.01]], [[7.75673, 0.91875], [9.69591, 0.03375], [11.6351, 0.0225], [13.57428, 0.015], [15.51346, 0.01]], [[14.11191, 0.91875], [17.63989, 0.03375], [21.16787, 0.0225], [24.69584, 0.015], [28.22382, 0.01]]]

T=[[[2, 0.01], [3, 0.0375], [4, 0.9525]], [[2, 0.01], [3, 0.0375], [4, 0.9525]], [[5, 0.01], [7, 0.015], [8, 0.0225], [9, 0.03375], [10, 0.91875]], [[5, 0.01], [7, 0.015], [8, 0.0225], [9, 0.03375], [10, 0.91875]], [[10, 0.01], [13, 0.015], [15, 0.0225], [18, 0.03375], [20, 0.91875]], [[50, 0.01], [63, 0.015], [75, 0.0225], [88, 0.03375], [100, 0.91875]], [[100, 0.01], [125, 0.015], [150, 0.0225], [175, 0.03375], [200, 0.91875]], [[500, 0.01], [625, 0.015], [750, 0.0225], [875, 0.03375], [1000, 0.91875]], [[1000, 0.01], [1250, 0.015], [1500, 0.0225], [1750, 0.03375], [2000, 0.91875]], [[1000, 0.01], [1250, 0.015], [1500, 0.0225], [1750, 0.03375], [2000, 0.91875]]]
C=[[[0.12786, 0.91875], [0.15982, 0.03375], [0.19179, 0.0225], [0.22375, 0.015], [0.25572, 0.01]], [[0.14349, 0.91875], [0.17936, 0.03375], [0.21524, 0.0225], [0.25111, 0.015], [0.28698, 0.01]], [[0.39396, 0.91875], [0.49245, 0.03375], [0.59094, 0.0225], [0.68943, 0.015], [0.78791, 0.01]], [[0.1664, 0.91875], [0.208, 0.03375], [0.24961, 0.0225], [0.29121, 0.015], [0.33281, 0.01]], [[0.32736, 0.91875], [0.4092, 0.03375], [0.49105, 0.0225], [0.57289, 0.015], [0.65473, 0.01]], [[0.86712, 0.91875], [1.0839, 0.03375], [1.30068, 0.0225], [1.51746, 0.015], [1.73425, 0.01]], [[13.31924, 0.91875], [16.64905, 0.03375], [19.97886, 0.0225], [23.30867, 0.015], [26.63847, 0.01]], [[4.53912, 0.91875], [5.6739, 0.03375], [6.80869, 0.0225], [7.94347, 0.015], [9.07825, 0.01]], [[99.97004, 0.91875], [124.96255, 0.03375], [149.95506, 0.0225], [174.94757, 0.015], [199.94008, 0.01]], [[159.93363, 0.91875], [199.91704, 0.03375], [239.90045, 0.0225], [279.88386, 0.015], [319.86727, 0.01]]]

T=[[[1, 0.01], [2, 0.99]], [[1, 0.01], [2, 0.99]], [[2, 0.01], [3, 0.0375], [4, 0.9525]], [[5, 0.01], [7, 0.015], [8, 0.0225], [9, 0.03375], [10, 0.91875]], [[10, 0.01], [13, 0.015], [15, 0.0225], [18, 0.03375], [20, 0.91875]], [[50, 0.01], [63, 0.015], [75, 0.0225], [88, 0.03375], [100, 0.91875]], [[100, 0.01], [125, 0.015], [150, 0.0225], [175, 0.03375], [200, 0.91875]], [[200, 0.01], [250, 0.015], [300, 0.0225], [350, 0.03375], [400, 0.91875]], [[500, 0.01], [625, 0.015], [750, 0.0225], [875, 0.03375], [1000, 0.91875]], [[500, 0.01], [625, 0.015], [750, 0.0225], [875, 0.03375], [1000, 0.91875]]]
C=[[[0.07652, 0.91875], [0.09565, 0.03375], [0.11478, 0.0225], [0.13391, 0.015], [0.15304, 0.01]], [[0.01998, 0.91875], [0.02497, 0.03375], [0.02997, 0.0225], [0.03496, 0.015], [0.03996, 0.01]], [[0.07043, 0.91875], [0.08804, 0.03375], [0.10565, 0.0225], [0.12326, 0.015], [0.14087, 0.01]], [[0.52201, 0.91875], [0.65251, 0.03375], [0.78302, 0.0225], [0.91352, 0.015], [1.04402, 0.01]], [[0.7342, 0.91875], [0.91775, 0.03375], [1.1013, 0.0225], [1.28485, 0.015], [1.46841, 0.01]], [[4.1845, 0.91875], [5.23062, 0.03375], [6.27675, 0.0225], [7.32287, 0.015], [8.369, 0.01]], [[5.36311, 0.91875], [6.70389, 0.03375], [8.04466, 0.0225], [9.38544, 0.015], [10.72622, 0.01]], [[26.4833, 0.91875], [33.10413, 0.03375], [39.72495, 0.0225], [46.34578, 0.015], [52.96661, 0.01]], [[13.01706, 0.91875], [16.27133, 0.03375], [19.52559, 0.0225], [22.77986, 0.015], [26.03413, 0.01]], [[47.34456, 0.91875], [59.1807, 0.03375], [71.01684, 0.0225], [82.85298, 0.015], [94.68912, 0.01]]]

T=[[[2, 0.01], [3, 0.0375], [4, 0.9525]], [[2, 0.01], [3, 0.0375], [4, 0.9525]], [[5, 0.01], [7, 0.015], [8, 0.0225], [9, 0.03375], [10, 0.91875]], [[5, 0.01], [7, 0.015], [8, 0.0225], [9, 0.03375], [10, 0.91875]], [[10, 0.01], [13, 0.015], [15, 0.0225], [18, 0.03375], [20, 0.91875]], [[20, 0.01], [25, 0.015], [30, 0.0225], [35, 0.03375], [40, 0.91875]], [[50, 0.01], [63, 0.015], [75, 0.0225], [88, 0.03375], [100, 0.91875]], [[500, 0.01], [625, 0.015], [750, 0.0225], [875, 0.03375], [1000, 0.91875]], [[500, 0.01], [625, 0.015], [750, 0.0225], [875, 0.03375], [1000, 0.91875]], [[1000, 0.01], [1250, 0.015], [1500, 0.0225], [1750, 0.03375], [2000, 0.91875]]]
C=[[[0.13578, 0.91875], [0.16972, 0.03375], [0.20366, 0.0225], [0.23761, 0.015], [0.27155, 0.01]], [[0.122, 0.91875], [0.1525, 0.03375], [0.183, 0.0225], [0.2135, 0.015], [0.244, 0.01]], [[0.16038, 0.91875], [0.20048, 0.03375], [0.24057, 0.0225], [0.28067, 0.015], [0.32076, 0.01]], [[0.34329, 0.91875], [0.42911, 0.03375], [0.51494, 0.0225], [0.60076, 0.015], [0.68658, 0.01]], [[0.40293, 0.91875], [0.50367, 0.03375], [0.6044, 0.0225], [0.70513, 0.015], [0.80587, 0.01]], [[0.34284, 0.91875], [0.42855, 0.03375], [0.51426, 0.0225], [0.59997, 0.015], [0.68569, 0.01]], [[1.98111, 0.91875], [2.47638, 0.03375], [2.97166, 0.0225], [3.46694, 0.015], [3.96221, 0.01]], [[36.83839, 0.91875], [46.04799, 0.03375], [55.25759, 0.0225], [64.46719, 0.015], [73.67678, 0.01]], [[121.19593, 0.91875], [151.49491, 0.03375], [181.7939, 0.0225], [212.09288, 0.015], [242.39186, 0.01]], [[57.25078, 0.91875], [71.56348, 0.03375], [85.87617, 0.0225], [100.18887, 0.015], [114.50156, 0.01]]]

T=[[[1, 0.01], [2, 0.99]], [[1, 0.01], [2, 0.99]], [[1, 0.01], [2, 0.99]], [[10, 0.01], [13, 0.015], [15, 0.0225], [18, 0.03375], [20, 0.91875]], [[10, 0.01], [13, 0.015], [15, 0.0225], [18, 0.03375], [20, 0.91875]], [[20, 0.01], [25, 0.015], [30, 0.0225], [35, 0.03375], [40, 0.91875]], [[20, 0.01], [25, 0.015], [30, 0.0225], [35, 0.03375], [40, 0.91875]], [[100, 0.01], [125, 0.015], [150, 0.0225], [175, 0.03375], [200, 0.91875]], [[200, 0.01], [250, 0.015], [300, 0.0225], [350, 0.03375], [400, 0.91875]], [[1000, 0.01], [1250, 0.015], [1500, 0.0225], [1750, 0.03375], [2000, 0.91875]]]
C=[[[0.14211, 0.91875], [0.17764, 0.03375], [0.21317, 0.0225], [0.2487, 0.015], [0.28423, 0.01]], [[0.01746, 0.91875], [0.02182, 0.03375], [0.02618, 0.0225], [0.03055, 0.015], [0.03491, 0.01]], [[0.2749, 0.91875], [0.34362, 0.03375], [0.41235, 0.0225], [0.48107, 0.015], [0.5498, 0.01]], [[0.25857, 0.91875], [0.32322, 0.03375], [0.38786, 0.0225], [0.4525, 0.015], [0.51715, 0.01]], [[1.04664, 0.91875], [1.3083, 0.03375], [1.56996, 0.0225], [1.83162, 0.015], [2.09328, 0.01]], [[0.54282, 0.91875], [0.67852, 0.03375], [0.81423, 0.0225], [0.94993, 0.015], [1.08564, 0.01]], [[0.38079, 0.91875], [0.47599, 0.03375], [0.57119, 0.0225], [0.66639, 0.015], [0.76159, 0.01]], [[0.74951, 0.91875], [0.93689, 0.03375], [1.12427, 0.0225], [1.31165, 0.015], [1.49902, 0.01]], [[4.87945, 0.91875], [6.09931, 0.03375], [7.31917, 0.0225], [8.53904, 0.015], [9.7589, 0.01]], [[56.93687, 0.91875], [71.17109, 0.03375], [85.4053, 0.0225], [99.63952, 0.015], [113.87374, 0.01]]]

T=[[[1, 0.01], [2, 0.99]], [[1, 0.01], [2, 0.99]], [[2, 0.01], [3, 0.0375], [4, 0.9525]], [[2, 0.01], [3, 0.0375], [4, 0.9525]], [[2, 0.01], [3, 0.0375], [4, 0.9525]], [[10, 0.01], [13, 0.015], [15, 0.0225], [18, 0.03375], [20, 0.91875]], [[10, 0.01], [13, 0.015], [15, 0.0225], [18, 0.03375], [20, 0.91875]], [[20, 0.01], [25, 0.015], [30, 0.0225], [35, 0.03375], [40, 0.91875]], [[100, 0.01], [125, 0.015], [150, 0.0225], [175, 0.03375], [200, 0.91875]], [[1000, 0.01], [1250, 0.015], [1500, 0.0225], [1750, 0.03375], [2000, 0.91875]]]
C=[[[0.0751, 0.91875], [0.09387, 0.03375], [0.11265, 0.0225], [0.13142, 0.015], [0.15019, 0.01]], [[0.07985, 0.91875], [0.09981, 0.03375], [0.11977, 0.0225], [0.13973, 0.015], [0.1597, 0.01]], [[0.18626, 0.91875], [0.23282, 0.03375], [0.27939, 0.0225], [0.32595, 0.015], [0.37252, 0.01]], [[0.0158, 0.91875], [0.01975, 0.03375], [0.0237, 0.0225], [0.02765, 0.015], [0.0316, 0.01]], [[0.03982, 0.91875], [0.04978, 0.03375], [0.05973, 0.0225], [0.06969, 0.015], [0.07965, 0.01]], [[0.55469, 0.91875], [0.69337, 0.03375], [0.83204, 0.0225], [0.97071, 0.015], [1.10939, 0.01]], [[0.07183, 0.91875], [0.08979, 0.03375], [0.10775, 0.0225], [0.12571, 0.015], [0.14367, 0.01]], [[0.70519, 0.91875], [0.88149, 0.03375], [1.05778, 0.0225], [1.23408, 0.015], [1.41038, 0.01]], [[5.07353, 0.91875], [6.34192, 0.03375], [7.6103, 0.0225], [8.87868, 0.015], [10.14707, 0.01]], [[275.4649, 0.91875], [344.33113, 0.03375], [413.19735, 0.0225], [482.06358, 0.015], [550.9298, 0.01]]]

T=[[[1, 0.01], [2, 0.99]], [[1, 0.01], [2, 0.99]], [[1, 0.01], [2, 0.99]], [[2, 0.01], [3, 0.0375], [4, 0.9525]], [[10, 0.01], [13, 0.015], [15, 0.0225], [18, 0.03375], [20, 0.91875]], [[20, 0.01], [25, 0.015], [30, 0.0225], [35, 0.03375], [40, 0.91875]], [[500, 0.01], [625, 0.015], [750, 0.0225], [875, 0.03375], [1000, 0.91875]], [[500, 0.01], [625, 0.015], [750, 0.0225], [875, 0.03375], [1000, 0.91875]], [[1000, 0.01], [1250, 0.015], [1500, 0.0225], [1750, 0.03375], [2000, 0.91875]], [[1000, 0.01], [1250, 0.015], [1500, 0.0225], [1750, 0.03375], [2000, 0.91875]]]
C=[[[0.01867, 0.91875], [0.02334, 0.03375], [0.028, 0.0225], [0.03267, 0.015], [0.03734, 0.01]], [[0.17445, 0.91875], [0.21807, 0.03375], [0.26168, 0.0225], [0.3053, 0.015], [0.34891, 0.01]], [[0.02264, 0.91875], [0.0283, 0.03375], [0.03397, 0.0225], [0.03963, 0.015], [0.04529, 0.01]], [[0.05795, 0.91875], [0.07243, 0.03375], [0.08692, 0.0225], [0.10141, 0.015], [0.11589, 0.01]], [[0.40379, 0.91875], [0.50473, 0.03375], [0.60568, 0.0225], [0.70663, 0.015], [0.80758, 0.01]], [[3.03392, 0.91875], [3.79239, 0.03375], [4.55087, 0.0225], [5.30935, 0.015], [6.06783, 0.01]], [[83.67674, 0.91875], [104.59593, 0.03375], [125.51511, 0.0225], [146.4343, 0.015], [167.35349, 0.01]], [[29.41974, 0.91875], [36.77467, 0.03375], [44.12961, 0.0225], [51.48454, 0.015], [58.83948, 0.01]], [[21.90662, 0.91875], [27.38328, 0.03375], [32.85993, 0.0225], [38.33659, 0.015], [43.81324, 0.01]], [[15.08591, 0.91875], [18.85739, 0.03375], [22.62887, 0.0225], [26.40034, 0.015], [30.17182, 0.01]]]

T=[[[1, 0.01], [2, 0.99]], [[10, 0.01], [13, 0.015], [15, 0.0225], [18, 0.03375], [20, 0.91875]], [[10, 0.01], [13, 0.015], [15, 0.0225], [18, 0.03375], [20, 0.91875]], [[20, 0.01], [25, 0.015], [30, 0.0225], [35, 0.03375], [40, 0.91875]], [[50, 0.01], [63, 0.015], [75, 0.0225], [88, 0.03375], [100, 0.91875]], [[100, 0.01], [125, 0.015], [150, 0.0225], [175, 0.03375], [200, 0.91875]], [[500, 0.01], [625, 0.015], [750, 0.0225], [875, 0.03375], [1000, 0.91875]], [[500, 0.01], [625, 0.015], [750, 0.0225], [875, 0.03375], [1000, 0.91875]], [[500, 0.01], [625, 0.015], [750, 0.0225], [875, 0.03375], [1000, 0.91875]], [[1000, 0.01], [1250, 0.015], [1500, 0.0225], [1750, 0.03375], [2000, 0.91875]]]
C=[[[0.00987, 0.91875], [0.01234, 0.03375], [0.0148, 0.0225], [0.01727, 0.015], [0.01974, 0.01]], [[0.15752, 0.91875], [0.1969, 0.03375], [0.23628, 0.0225], [0.27566, 0.015], [0.31504, 0.01]], [[1.49716, 0.91875], [1.87145, 0.03375], [2.24574, 0.0225], [2.62003, 0.015], [2.99431, 0.01]], [[3.78886, 0.91875], [4.73607, 0.03375], [5.68328, 0.0225], [6.6305, 0.015], [7.57771, 0.01]], [[1.74837, 0.91875], [2.18546, 0.03375], [2.62255, 0.0225], [3.05964, 0.015], [3.49673, 0.01]], [[3.63686, 0.91875], [4.54607, 0.03375], [5.45529, 0.0225], [6.3645, 0.015], [7.27372, 0.01]], [[83.75283, 0.91875], [104.69104, 0.03375], [125.62925, 0.0225], [146.56746, 0.015], [167.50566, 0.01]], [[5.55099, 0.91875], [6.93873, 0.03375], [8.32648, 0.0225], [9.71422, 0.015], [11.10197, 0.01]], [[23.25967, 0.91875], [29.07458, 0.03375], [34.8895, 0.0225], [40.70442, 0.015], [46.51933, 0.01]], [[38.75743, 0.91875], [48.44679, 0.03375], [58.13615, 0.0225], [67.82551, 0.015], [77.51487, 0.01]]]

T=[[[2, 0.01], [3, 0.0375], [4, 0.9525]], [[2, 0.01], [3, 0.0375], [4, 0.9525]], [[2, 0.01], [3, 0.0375], [4, 0.9525]], [[5, 0.01], [7, 0.015], [8, 0.0225], [9, 0.03375], [10, 0.91875]], [[10, 0.01], [13, 0.015], [15, 0.0225], [18, 0.03375], [20, 0.91875]], [[20, 0.01], [25, 0.015], [30, 0.0225], [35, 0.03375], [40, 0.91875]], [[50, 0.01], [63, 0.015], [75, 0.0225], [88, 0.03375], [100, 0.91875]], [[100, 0.01], [125, 0.015], [150, 0.0225], [175, 0.03375], [200, 0.91875]], [[500, 0.01], [625, 0.015], [750, 0.0225], [875, 0.03375], [1000, 0.91875]], [[1000, 0.01], [1250, 0.015], [1500, 0.0225], [1750, 0.03375], [2000, 0.91875]]]
C=[[[0.15754, 0.91875], [0.19692, 0.03375], [0.2363, 0.0225], [0.27569, 0.015], [0.31507, 0.01]], [[0.34558, 0.91875], [0.43197, 0.03375], [0.51836, 0.0225], [0.60476, 0.015], [0.69115, 0.01]], [[0.01509, 0.91875], [0.01886, 0.03375], [0.02264, 0.0225], [0.02641, 0.015], [0.03018, 0.01]], [[0.18527, 0.91875], [0.23159, 0.03375], [0.27791, 0.0225], [0.32422, 0.015], [0.37054, 0.01]], [[1.1651, 0.91875], [1.45638, 0.03375], [1.74765, 0.0225], [2.03893, 0.015], [2.33021, 0.01]], [[0.24096, 0.91875], [0.30119, 0.03375], [0.36143, 0.0225], [0.42167, 0.015], [0.48191, 0.01]], [[1.8536, 0.91875], [2.31701, 0.03375], [2.78041, 0.0225], [3.24381, 0.015], [3.70721, 0.01]], [[4.32824, 0.91875], [5.4103, 0.03375], [6.49236, 0.0225], [7.57442, 0.015], [8.65648, 0.01]], [[88.23949, 0.91875], [110.29936, 0.03375], [132.35924, 0.0225], [154.41911, 0.015], [176.47898, 0.01]], [[18.4533, 0.91875], [23.06662, 0.03375], [27.67995, 0.0225], [32.29327, 0.015], [36.9066, 0.01]]]

T=[[[1, 0.01], [2, 0.99]], [[2, 0.01], [3, 0.0375], [4, 0.9525]], [[10, 0.01], [13, 0.015], [15, 0.0225], [18, 0.03375], [20, 0.91875]], [[20, 0.01], [25, 0.015], [30, 0.0225], [35, 0.03375], [40, 0.91875]], [[50, 0.01], [63, 0.015], [75, 0.0225], [88, 0.03375], [100, 0.91875]], [[50, 0.01], [63, 0.015], [75, 0.0225], [88, 0.03375], [100, 0.91875]], [[200, 0.01], [250, 0.015], [300, 0.0225], [350, 0.03375], [400, 0.91875]], [[200, 0.01], [250, 0.015], [300, 0.0225], [350, 0.03375], [400, 0.91875]], [[500, 0.01], [625, 0.015], [750, 0.0225], [875, 0.03375], [1000, 0.91875]], [[1000, 0.01], [1250, 0.015], [1500, 0.0225], [1750, 0.03375], [2000, 0.91875]]]
C=[[[0.00232, 0.91875], [0.0029, 0.03375], [0.00348, 0.0225], [0.00406, 0.015], [0.00464, 0.01]], [[0.33941, 0.91875], [0.42426, 0.03375], [0.50912, 0.0225], [0.59397, 0.015], [0.67882, 0.01]], [[0.14271, 0.91875], [0.17838, 0.03375], [0.21406, 0.0225], [0.24974, 0.015], [0.28541, 0.01]], [[4.38373, 0.91875], [5.47966, 0.03375], [6.5756, 0.0225], [7.67153, 0.015], [8.76746, 0.01]], [[0.00014, 0.91875], [0.00018, 0.03375], [0.00021, 0.0225], [0.00025, 0.015], [0.00028, 0.01]], [[4.93704, 0.91875], [6.1713, 0.03375], [7.40556, 0.0225], [8.63982, 0.015], [9.87408, 0.01]], [[3.10665, 0.91875], [3.88331, 0.03375], [4.65997, 0.0225], [5.43663, 0.015], [6.21329, 0.01]], [[9.51477, 0.91875], [11.89346, 0.03375], [14.27216, 0.0225], [16.65085, 0.015], [19.02954, 0.01]], [[57.04456, 0.91875], [71.3057, 0.03375], [85.56684, 0.0225], [99.82798, 0.015], [114.08912, 0.01]], [[18.57576, 0.91875], [23.2197, 0.03375], [27.86364, 0.0225], [32.50758, 0.015], [37.15152, 0.01]]]

T=[[[5, 0.01], [7, 0.015], [8, 0.0225], [9, 0.03375], [10, 0.91875]], [[50, 0.01], [63, 0.015], [75, 0.0225], [88, 0.03375], [100, 0.91875]], [[50, 0.01], [63, 0.015], [75, 0.0225], [88, 0.03375], [100, 0.91875]], [[100, 0.01], [125, 0.015], [150, 0.0225], [175, 0.03375], [200, 0.91875]], [[100, 0.01], [125, 0.015], [150, 0.0225], [175, 0.03375], [200, 0.91875]], [[100, 0.01], [125, 0.015], [150, 0.0225], [175, 0.03375], [200, 0.91875]], [[100, 0.01], [125, 0.015], [150, 0.0225], [175, 0.03375], [200, 0.91875]], [[500, 0.01], [625, 0.015], [750, 0.0225], [875, 0.03375], [1000, 0.91875]], [[500, 0.01], [625, 0.015], [750, 0.0225], [875, 0.03375], [1000, 0.91875]], [[500, 0.01], [625, 0.015], [750, 0.0225], [875, 0.03375], [1000, 0.91875]]]
C=[[[0.15994, 0.91875], [0.19992, 0.03375], [0.23991, 0.0225], [0.27989, 0.015], [0.31987, 0.01]], [[9.20559, 0.91875], [11.50699, 0.03375], [13.80839, 0.0225], [16.10979, 0.015], [18.41119, 0.01]], [[2.88715, 0.91875], [3.60893, 0.03375], [4.33072, 0.0225], [5.05251, 0.015], [5.7743, 0.01]], [[4.17853, 0.91875], [5.22317, 0.03375], [6.2678, 0.0225], [7.31243, 0.015], [8.35706, 0.01]], [[5.4858, 0.91875], [6.85726, 0.03375], [8.22871, 0.0225], [9.60016, 0.015], [10.97161, 0.01]], [[8.39798, 0.91875], [10.49747, 0.03375], [12.59697, 0.0225], [14.69646, 0.015], [16.79595, 0.01]], [[7.37902, 0.91875], [9.22378, 0.03375], [11.06853, 0.0225], [12.91329, 0.015], [14.75804, 0.01]], [[31.14549, 0.91875], [38.93186, 0.03375], [46.71823, 0.0225], [54.5046, 0.015], [62.29097, 0.01]], [[50.25451, 0.91875], [62.81814, 0.03375], [75.38176, 0.0225], [87.94539, 0.015], [100.50902, 0.01]], [[4.47224, 0.91875], [5.5903, 0.03375], [6.70835, 0.0225], [7.82641, 0.015], [8.94447, 0.01]]]

T=[[[1, 0.01], [2, 0.99]], [[2, 0.01], [3, 0.0375], [4, 0.9525]], [[50, 0.01], [63, 0.015], [75, 0.0225], [88, 0.03375], [100, 0.91875]], [[50, 0.01], [63, 0.015], [75, 0.0225], [88, 0.03375], [100, 0.91875]], [[100, 0.01], [125, 0.015], [150, 0.0225], [175, 0.03375], [200, 0.91875]], [[200, 0.01], [250, 0.015], [300, 0.0225], [350, 0.03375], [400, 0.91875]], [[500, 0.01], [625, 0.015], [750, 0.0225], [875, 0.03375], [1000, 0.91875]], [[500, 0.01], [625, 0.015], [750, 0.0225], [875, 0.03375], [1000, 0.91875]], [[500, 0.01], [625, 0.015], [750, 0.0225], [875, 0.03375], [1000, 0.91875]], [[1000, 0.01], [1250, 0.015], [1500, 0.0225], [1750, 0.03375], [2000, 0.91875]]]
C=[[[0.02635, 0.91875], [0.03294, 0.03375], [0.03953, 0.0225], [0.04611, 0.015], [0.0527, 0.01]], [[0.59297, 0.91875], [0.74122, 0.03375], [0.88946, 0.0225], [1.0377, 0.015], [1.18595, 0.01]], [[3.98643, 0.91875], [4.98303, 0.03375], [5.97964, 0.0225], [6.97624, 0.015], [7.97285, 0.01]], [[0.80641, 0.91875], [1.00801, 0.03375], [1.20962, 0.0225], [1.41122, 0.015], [1.61282, 0.01]], [[4.17591, 0.91875], [5.21989, 0.03375], [6.26387, 0.0225], [7.30785, 0.015], [8.35183, 0.01]], [[6.41749, 0.91875], [8.02186, 0.03375], [9.62623, 0.0225], [11.2306, 0.015], [12.83497, 0.01]], [[42.56087, 0.91875], [53.20108, 0.03375], [63.8413, 0.0225], [74.48152, 0.015], [85.12173, 0.01]], [[33.57915, 0.91875], [41.97393, 0.03375], [50.36872, 0.0225], [58.76351, 0.015], [67.15829, 0.01]], [[3.45777, 0.91875], [4.32221, 0.03375], [5.18665, 0.0225], [6.05109, 0.015], [6.91553, 0.01]], [[48.26421, 0.91875], [60.33026, 0.03375], [72.39631, 0.0225], [84.46236, 0.015], [96.52841, 0.01]]]

T=[[[1, 0.01], [2, 0.99]], [[1, 0.01], [2, 0.99]], [[1, 0.01], [2, 0.99]], [[2, 0.01], [3, 0.0375], [4, 0.9525]], [[2, 0.01], [3, 0.0375], [4, 0.9525]], [[2, 0.01], [3, 0.0375], [4, 0.9525]], [[50, 0.01], [63, 0.015], [75, 0.0225], [88, 0.03375], [100, 0.91875]], [[500, 0.01], [625, 0.015], [750, 0.0225], [875, 0.03375], [1000, 0.91875]], [[1000, 0.01], [1250, 0.015], [1500, 0.0225], [1750, 0.03375], [2000, 0.91875]], [[1000, 0.01], [1250, 0.015], [1500, 0.0225], [1750, 0.03375], [2000, 0.91875]]]
C=[[[0.00081, 0.91875], [0.00101, 0.03375], [0.00121, 0.0225], [0.00141, 0.015], [0.00161, 0.01]], [[0.02983, 0.91875], [0.03729, 0.03375], [0.04475, 0.0225], [0.05221, 0.015], [0.05967, 0.01]], [[0.12807, 0.91875], [0.16009, 0.03375], [0.19211, 0.0225], [0.22413, 0.015], [0.25615, 0.01]], [[0.12672, 0.91875], [0.15841, 0.03375], [0.19009, 0.0225], [0.22177, 0.015], [0.25345, 0.01]], [[0.01186, 0.91875], [0.01482, 0.03375], [0.01779, 0.0225], [0.02075, 0.015], [0.02371, 0.01]], [[0.12198, 0.91875], [0.15247, 0.03375], [0.18296, 0.0225], [0.21346, 0.015], [0.24395, 0.01]], [[7.05254, 0.91875], [8.81567, 0.03375], [10.5788, 0.0225], [12.34194, 0.015], [14.10507, 0.01]], [[10.06442, 0.91875], [12.58052, 0.03375], [15.09663, 0.0225], [17.61273, 0.015], [20.12884, 0.01]], [[156.1019, 0.91875], [195.12738, 0.03375], [234.15285, 0.0225], [273.17833, 0.015], [312.20381, 0.01]], [[93.72826, 0.91875], [117.16032, 0.03375], [140.59238, 0.0225], [164.02445, 0.015], [187.45651, 0.01]]]

T=[[[2, 0.01], [3, 0.0375], [4, 0.9525]], [[10, 0.01], [13, 0.015], [15, 0.0225], [18, 0.03375], [20, 0.91875]], [[20, 0.01], [25, 0.015], [30, 0.0225], [35, 0.03375], [40, 0.91875]], [[20, 0.01], [25, 0.015], [30, 0.0225], [35, 0.03375], [40, 0.91875]], [[50, 0.01], [63, 0.015], [75, 0.0225], [88, 0.03375], [100, 0.91875]], [[50, 0.01], [63, 0.015], [75, 0.0225], [88, 0.03375], [100, 0.91875]], [[50, 0.01], [63, 0.015], [75, 0.0225], [88, 0.03375], [100, 0.91875]], [[100, 0.01], [125, 0.015], [150, 0.0225], [175, 0.03375], [200, 0.91875]], [[500, 0.01], [625, 0.015], [750, 0.0225], [875, 0.03375], [1000, 0.91875]], [[500, 0.01], [625, 0.015], [750, 0.0225], [875, 0.03375], [1000, 0.91875]]]
C=[[[0.07104, 0.91875], [0.0888, 0.03375], [0.10656, 0.0225], [0.12432, 0.015], [0.14208, 0.01]], [[0.06403, 0.91875], [0.08003, 0.03375], [0.09604, 0.0225], [0.11204, 0.015], [0.12805, 0.01]], [[0.13707, 0.91875], [0.17133, 0.03375], [0.2056, 0.0225], [0.23986, 0.015], [0.27413, 0.01]], [[0.28962, 0.91875], [0.36202, 0.03375], [0.43443, 0.0225], [0.50683, 0.015], [0.57924, 0.01]], [[2.79131, 0.91875], [3.48914, 0.03375], [4.18696, 0.0225], [4.88479, 0.015], [5.58262, 0.01]], [[2.44798, 0.91875], [3.05998, 0.03375], [3.67197, 0.0225], [4.28397, 0.015], [4.89597, 0.01]], [[11.76563, 0.91875], [14.70703, 0.03375], [17.64844, 0.0225], [20.58984, 0.015], [23.53125, 0.01]], [[8.1912, 0.91875], [10.239, 0.03375], [12.2868, 0.0225], [14.3346, 0.015], [16.3824, 0.01]], [[74.90374, 0.91875], [93.62968, 0.03375], [112.35562, 0.0225], [131.08155, 0.015], [149.80749, 0.01]], [[32.46327, 0.91875], [40.57908, 0.03375], [48.6949, 0.0225], [56.81071, 0.015], [64.92653, 0.01]]]

T=[[[1, 0.01], [2, 0.99]], [[2, 0.01], [3, 0.0375], [4, 0.9525]], [[20, 0.01], [25, 0.015], [30, 0.0225], [35, 0.03375], [40, 0.91875]], [[20, 0.01], [25, 0.015], [30, 0.0225], [35, 0.03375], [40, 0.91875]], [[20, 0.01], [25, 0.015], [30, 0.0225], [35, 0.03375], [40, 0.91875]], [[20, 0.01], [25, 0.015], [30, 0.0225], [35, 0.03375], [40, 0.91875]], [[100, 0.01], [125, 0.015], [150, 0.0225], [175, 0.03375], [200, 0.91875]], [[100, 0.01], [125, 0.015], [150, 0.0225], [175, 0.03375], [200, 0.91875]], [[500, 0.01], [625, 0.015], [750, 0.0225], [875, 0.03375], [1000, 0.91875]], [[500, 0.01], [625, 0.015], [750, 0.0225], [875, 0.03375], [1000, 0.91875]]]
C=[[[0.2171, 0.91875], [0.27138, 0.03375], [0.32565, 0.0225], [0.37993, 0.015], [0.43421, 0.01]], [[0.00435, 0.91875], [0.00544, 0.03375], [0.00652, 0.0225], [0.00761, 0.015], [0.0087, 0.01]], [[1.84882, 0.91875], [2.31102, 0.03375], [2.77323, 0.0225], [3.23543, 0.015], [3.69764, 0.01]], [[0.63227, 0.91875], [0.79034, 0.03375], [0.94841, 0.0225], [1.10647, 0.015], [1.26454, 0.01]], [[1.42572, 0.91875], [1.78215, 0.03375], [2.13858, 0.0225], [2.49501, 0.015], [2.85144, 0.01]], [[0.4857, 0.91875], [0.60712, 0.03375], [0.72854, 0.0225], [0.84997, 0.015], [0.97139, 0.01]], [[4.98493, 0.91875], [6.23116, 0.03375], [7.47739, 0.0225], [8.72363, 0.015], [9.96986, 0.01]], [[0.7708, 0.91875], [0.9635, 0.03375], [1.1562, 0.0225], [1.34889, 0.015], [1.54159, 0.01]], [[37.13486, 0.91875], [46.41858, 0.03375], [55.70229, 0.0225], [64.98601, 0.015], [74.26973, 0.01]], [[64.63515, 0.91875], [80.79393, 0.03375], [96.95272, 0.0225], [113.11151, 0.015], [129.27029, 0.01]]]

T=[[[2, 0.01], [3, 0.0375], [4, 0.9525]], [[10, 0.01], [13, 0.015], [15, 0.0225], [18, 0.03375], [20, 0.91875]], [[20, 0.01], [25, 0.015], [30, 0.0225], [35, 0.03375], [40, 0.91875]], [[100, 0.01], [125, 0.015], [150, 0.0225], [175, 0.03375], [200, 0.91875]], [[200, 0.01], [250, 0.015], [300, 0.0225], [350, 0.03375], [400, 0.91875]], [[200, 0.01], [250, 0.015], [300, 0.0225], [350, 0.03375], [400, 0.91875]], [[500, 0.01], [625, 0.015], [750, 0.0225], [875, 0.03375], [1000, 0.91875]], [[500, 0.01], [625, 0.015], [750, 0.0225], [875, 0.03375], [1000, 0.91875]], [[1000, 0.01], [1250, 0.015], [1500, 0.0225], [1750, 0.03375], [2000, 0.91875]], [[1000, 0.01], [1250, 0.015], [1500, 0.0225], [1750, 0.03375], [2000, 0.91875]]]
C=[[[0.17819, 0.91875], [0.22274, 0.03375], [0.26729, 0.0225], [0.31184, 0.015], [0.35638, 0.01]], [[0.11276, 0.91875], [0.14094, 0.03375], [0.16913, 0.0225], [0.19732, 0.015], [0.22551, 0.01]], [[1.00717, 0.91875], [1.25897, 0.03375], [1.51076, 0.0225], [1.76256, 0.015], [2.01435, 0.01]], [[11.37738, 0.91875], [14.22172, 0.03375], [17.06606, 0.0225], [19.91041, 0.015], [22.75475, 0.01]], [[3.55645, 0.91875], [4.44556, 0.03375], [5.33467, 0.0225], [6.22378, 0.015], [7.11289, 0.01]], [[12.19481, 0.91875], [15.24351, 0.03375], [18.29221, 0.0225], [21.34092, 0.015], [24.38962, 0.01]], [[20.2241, 0.91875], [25.28013, 0.03375], [30.33615, 0.0225], [35.39218, 0.015], [40.4482, 0.01]], [[11.85298, 0.91875], [14.81622, 0.03375], [17.77947, 0.0225], [20.74271, 0.015], [23.70596, 0.01]], [[152.82901, 0.91875], [191.03626, 0.03375], [229.24351, 0.0225], [267.45077, 0.015], [305.65802, 0.01]], [[139.75674, 0.91875], [174.69592, 0.03375], [209.6351, 0.0225], [244.57429, 0.015], [279.51347, 0.01]]]

T=[[[1, 0.01], [2, 0.99]], [[5, 0.01], [7, 0.015], [8, 0.0225], [9, 0.03375], [10, 0.91875]], [[10, 0.01], [13, 0.015], [15, 0.0225], [18, 0.03375], [20, 0.91875]], [[10, 0.01], [13, 0.015], [15, 0.0225], [18, 0.03375], [20, 0.91875]], [[20, 0.01], [25, 0.015], [30, 0.0225], [35, 0.03375], [40, 0.91875]], [[50, 0.01], [63, 0.015], [75, 0.0225], [88, 0.03375], [100, 0.91875]], [[100, 0.01], [125, 0.015], [150, 0.0225], [175, 0.03375], [200, 0.91875]], [[100, 0.01], [125, 0.015], [150, 0.0225], [175, 0.03375], [200, 0.91875]], [[500, 0.01], [625, 0.015], [750, 0.0225], [875, 0.03375], [1000, 0.91875]], [[500, 0.01], [625, 0.015], [750, 0.0225], [875, 0.03375], [1000, 0.91875]]]
C=[[[0.00563, 0.91875], [0.00703, 0.03375], [0.00844, 0.0225], [0.00985, 0.015], [0.01125, 0.01]], [[0.01169, 0.91875], [0.01461, 0.03375], [0.01754, 0.0225], [0.02046, 0.015], [0.02338, 0.01]], [[0.04064, 0.91875], [0.0508, 0.03375], [0.06096, 0.0225], [0.07112, 0.015], [0.08128, 0.01]], [[0.60646, 0.91875], [0.75807, 0.03375], [0.90969, 0.0225], [1.0613, 0.015], [1.21292, 0.01]], [[2.16842, 0.91875], [2.71053, 0.03375], [3.25263, 0.0225], [3.79474, 0.015], [4.33685, 0.01]], [[15.39888, 0.91875], [19.24861, 0.03375], [23.09833, 0.0225], [26.94805, 0.015], [30.79777, 0.01]], [[1.67255, 0.91875], [2.09069, 0.03375], [2.50883, 0.0225], [2.92697, 0.015], [3.3451, 0.01]], [[5.79256, 0.91875], [7.24069, 0.03375], [8.68883, 0.0225], [10.13697, 0.015], [11.58511, 0.01]], [[61.0023, 0.91875], [76.25287, 0.03375], [91.50345, 0.0225], [106.75402, 0.015], [122.00459, 0.01]], [[7.1352, 0.91875], [8.91901, 0.03375], [10.70281, 0.0225], [12.48661, 0.015], [14.27041, 0.01]]]

T=[[[1, 0.01], [2, 0.99]], [[1, 0.01], [2, 0.99]], [[1, 0.01], [2, 0.99]], [[2, 0.01], [3, 0.0375], [4, 0.9525]], [[2, 0.01], [3, 0.0375], [4, 0.9525]], [[5, 0.01], [7, 0.015], [8, 0.0225], [9, 0.03375], [10, 0.91875]], [[50, 0.01], [63, 0.015], [75, 0.0225], [88, 0.03375], [100, 0.91875]], [[100, 0.01], [125, 0.015], [150, 0.0225], [175, 0.03375], [200, 0.91875]], [[100, 0.01], [125, 0.015], [150, 0.0225], [175, 0.03375], [200, 0.91875]], [[1000, 0.01], [1250, 0.015], [1500, 0.0225], [1750, 0.03375], [2000, 0.91875]]]
C=[[[0.01544, 0.91875], [0.0193, 0.03375], [0.02316, 0.0225], [0.02702, 0.015], [0.03088, 0.01]], [[0.02354, 0.91875], [0.02943, 0.03375], [0.03531, 0.0225], [0.0412, 0.015], [0.04708, 0.01]], [[0.1594, 0.91875], [0.19925, 0.03375], [0.2391, 0.0225], [0.27895, 0.015], [0.3188, 0.01]], [[0.11488, 0.91875], [0.1436, 0.03375], [0.17232, 0.0225], [0.20104, 0.015], [0.22976, 0.01]], [[0.00727, 0.91875], [0.00909, 0.03375], [0.01091, 0.0225], [0.01273, 0.015], [0.01454, 0.01]], [[0.4985, 0.91875], [0.62312, 0.03375], [0.74775, 0.0225], [0.87237, 0.015], [0.997, 0.01]], [[1.457, 0.91875], [1.82124, 0.03375], [2.18549, 0.0225], [2.54974, 0.015], [2.91399, 0.01]], [[20.77816, 0.91875], [25.97269, 0.03375], [31.16723, 0.0225], [36.36177, 0.015], [41.55631, 0.01]], [[5.14888, 0.91875], [6.43609, 0.03375], [7.72331, 0.0225], [9.01053, 0.015], [10.29775, 0.01]], [[52.43591, 0.91875], [65.54489, 0.03375], [78.65386, 0.0225], [91.76284, 0.015], [104.87182, 0.01]]]

T=[[[5, 0.01], [7, 0.015], [8, 0.0225], [9, 0.03375], [10, 0.91875]], [[20, 0.01], [25, 0.015], [30, 0.0225], [35, 0.03375], [40, 0.91875]], [[20, 0.01], [25, 0.015], [30, 0.0225], [35, 0.03375], [40, 0.91875]], [[20, 0.01], [25, 0.015], [30, 0.0225], [35, 0.03375], [40, 0.91875]], [[50, 0.01], [63, 0.015], [75, 0.0225], [88, 0.03375], [100, 0.91875]], [[50, 0.01], [63, 0.015], [75, 0.0225], [88, 0.03375], [100, 0.91875]], [[100, 0.01], [125, 0.015], [150, 0.0225], [175, 0.03375], [200, 0.91875]], [[500, 0.01], [625, 0.015], [750, 0.0225], [875, 0.03375], [1000, 0.91875]], [[500, 0.01], [625, 0.015], [750, 0.0225], [875, 0.03375], [1000, 0.91875]], [[1000, 0.01], [1250, 0.015], [1500, 0.0225], [1750, 0.03375], [2000, 0.91875]]]
C=[[[0.09847, 0.91875], [0.12309, 0.03375], [0.14771, 0.0225], [0.17233, 0.015], [0.19694, 0.01]], [[1.92978, 0.91875], [2.41222, 0.03375], [2.89466, 0.0225], [3.37711, 0.015], [3.85955, 0.01]], [[2.87184, 0.91875], [3.5898, 0.03375], [4.30776, 0.0225], [5.02572, 0.015], [5.74368, 0.01]], [[2.47491, 0.91875], [3.09364, 0.03375], [3.71236, 0.0225], [4.33109, 0.015], [4.94982, 0.01]], [[1.49368, 0.91875], [1.8671, 0.03375], [2.24052, 0.0225], [2.61394, 0.015], [2.98736, 0.01]], [[6.5449, 0.91875], [8.18113, 0.03375], [9.81735, 0.0225], [11.45358, 0.015], [13.0898, 0.01]], [[7.77825, 0.91875], [9.72282, 0.03375], [11.66738, 0.0225], [13.61194, 0.015], [15.55651, 0.01]], [[12.85037, 0.91875], [16.06296, 0.03375], [19.27555, 0.0225], [22.48814, 0.015], [25.70073, 0.01]], [[9.13116, 0.91875], [11.41395, 0.03375], [13.69674, 0.0225], [15.97952, 0.015], [18.26231, 0.01]], [[33.96226, 0.91875], [42.45283, 0.03375], [50.94339, 0.0225], [59.43396, 0.015], [67.92452, 0.01]]]

T=[[[1, 0.01], [2, 0.99]], [[1, 0.01], [2, 0.99]], [[2, 0.01], [3, 0.0375], [4, 0.9525]], [[10, 0.01], [13, 0.015], [15, 0.0225], [18, 0.03375], [20, 0.91875]], [[50, 0.01], [63, 0.015], [75, 0.0225], [88, 0.03375], [100, 0.91875]], [[50, 0.01], [63, 0.015], [75, 0.0225], [88, 0.03375], [100, 0.91875]], [[50, 0.01], [63, 0.015], [75, 0.0225], [88, 0.03375], [100, 0.91875]], [[500, 0.01], [625, 0.015], [750, 0.0225], [875, 0.03375], [1000, 0.91875]], [[500, 0.01], [625, 0.015], [750, 0.0225], [875, 0.03375], [1000, 0.91875]], [[1000, 0.01], [1250, 0.015], [1500, 0.0225], [1750, 0.03375], [2000, 0.91875]]]
C=[[[0.0084, 0.91875], [0.0105, 0.03375], [0.0126, 0.0225], [0.0147, 0.015], [0.0168, 0.01]], [[0.09584, 0.91875], [0.1198, 0.03375], [0.14376, 0.0225], [0.16772, 0.015], [0.19169, 0.01]], [[0.07634, 0.91875], [0.09542, 0.03375], [0.11451, 0.0225], [0.13359, 0.015], [0.15268, 0.01]], [[1.92795, 0.91875], [2.40994, 0.03375], [2.89192, 0.0225], [3.37391, 0.015], [3.8559, 0.01]], [[0.23097, 0.91875], [0.28871, 0.03375], [0.34646, 0.0225], [0.4042, 0.015], [0.46194, 0.01]], [[4.36417, 0.91875], [5.45522, 0.03375], [6.54626, 0.0225], [7.6373, 0.015], [8.72834, 0.01]], [[5.86875, 0.91875], [7.33594, 0.03375], [8.80313, 0.0225], [10.27032, 0.015], [11.7375, 0.01]], [[4.95038, 0.91875], [6.18797, 0.03375], [7.42557, 0.0225], [8.66316, 0.015], [9.90076, 0.01]], [[54.96793, 0.91875], [68.70991, 0.03375], [82.4519, 0.0225], [96.19388, 0.015], [109.93586, 0.01]], [[35.67819, 0.91875], [44.59774, 0.03375], [53.51729, 0.0225], [62.43683, 0.015], [71.35638, 0.01]]]

T=[[[1, 0.01], [2, 0.99]], [[1, 0.01], [2, 0.99]], [[5, 0.01], [7, 0.015], [8, 0.0225], [9, 0.03375], [10, 0.91875]], [[20, 0.01], [25, 0.015], [30, 0.0225], [35, 0.03375], [40, 0.91875]], [[200, 0.01], [250, 0.015], [300, 0.0225], [350, 0.03375], [400, 0.91875]], [[200, 0.01], [250, 0.015], [300, 0.0225], [350, 0.03375], [400, 0.91875]], [[500, 0.01], [625, 0.015], [750, 0.0225], [875, 0.03375], [1000, 0.91875]], [[1000, 0.01], [1250, 0.015], [1500, 0.0225], [1750, 0.03375], [2000, 0.91875]], [[1000, 0.01], [1250, 0.015], [1500, 0.0225], [1750, 0.03375], [2000, 0.91875]], [[1000, 0.01], [1250, 0.015], [1500, 0.0225], [1750, 0.03375], [2000, 0.91875]]]
C=[[[0.17838, 0.91875], [0.22298, 0.03375], [0.26757, 0.0225], [0.31217, 0.015], [0.35676, 0.01]], [[0.00466, 0.91875], [0.00583, 0.03375], [0.007, 0.0225], [0.00816, 0.015], [0.00933, 0.01]], [[0.06794, 0.91875], [0.08493, 0.03375], [0.10192, 0.0225], [0.1189, 0.015], [0.13589, 0.01]], [[5.0826, 0.91875], [6.35326, 0.03375], [7.62391, 0.0225], [8.89456, 0.015], [10.16521, 0.01]], [[10.02524, 0.91875], [12.53155, 0.03375], [15.03786, 0.0225], [17.54417, 0.015], [20.05048, 0.01]], [[9.75155, 0.91875], [12.18943, 0.03375], [14.62732, 0.0225], [17.06521, 0.015], [19.50309, 0.01]], [[14.98557, 0.91875], [18.73196, 0.03375], [22.47835, 0.0225], [26.22474, 0.015], [29.97114, 0.01]], [[38.43178, 0.91875], [48.03972, 0.03375], [57.64767, 0.0225], [67.25561, 0.015], [76.86355, 0.01]], [[1.12675, 0.91875], [1.40844, 0.03375], [1.69013, 0.0225], [1.97182, 0.015], [2.25351, 0.01]], [[80.82255, 0.91875], [101.02819, 0.03375], [121.23383, 0.0225], [141.43947, 0.015], [161.64511, 0.01]]]

T=[[[1, 0.01], [2, 0.99]], [[1, 0.01], [2, 0.99]], [[2, 0.01], [3, 0.0375], [4, 0.9525]], [[5, 0.01], [7, 0.015], [8, 0.0225], [9, 0.03375], [10, 0.91875]], [[10, 0.01], [13, 0.015], [15, 0.0225], [18, 0.03375], [20, 0.91875]], [[50, 0.01], [63, 0.015], [75, 0.0225], [88, 0.03375], [100, 0.91875]], [[50, 0.01], [63, 0.015], [75, 0.0225], [88, 0.03375], [100, 0.91875]], [[100, 0.01], [125, 0.015], [150, 0.0225], [175, 0.03375], [200, 0.91875]], [[200, 0.01], [250, 0.015], [300, 0.0225], [350, 0.03375], [400, 0.91875]], [[1000, 0.01], [1250, 0.015], [1500, 0.0225], [1750, 0.03375], [2000, 0.91875]]]
C=[[[0.20927, 0.91875], [0.26158, 0.03375], [0.3139, 0.0225], [0.36621, 0.015], [0.41853, 0.01]], [[0.01428, 0.91875], [0.01785, 0.03375], [0.02143, 0.0225], [0.025, 0.015], [0.02857, 0.01]], [[0.23048, 0.91875], [0.2881, 0.03375], [0.34571, 0.0225], [0.40333, 0.015], [0.46095, 0.01]], [[0.34161, 0.91875], [0.42701, 0.03375], [0.51241, 0.0225], [0.59781, 0.015], [0.68322, 0.01]], [[0.35569, 0.91875], [0.44461, 0.03375], [0.53353, 0.0225], [0.62245, 0.015], [0.71138, 0.01]], [[1.97135, 0.91875], [2.46418, 0.03375], [2.95702, 0.0225], [3.44986, 0.015], [3.94269, 0.01]], [[4.83202, 0.91875], [6.04003, 0.03375], [7.24803, 0.0225], [8.45604, 0.015], [9.66404, 0.01]], [[6.3239, 0.91875], [7.90487, 0.03375], [9.48585, 0.0225], [11.06682, 0.015], [12.6478, 0.01]], [[0.47374, 0.91875], [0.59217, 0.03375], [0.7106, 0.0225], [0.82904, 0.015], [0.94747, 0.01]], [[55.64787, 0.91875], [69.55984, 0.03375], [83.4718, 0.0225], [97.38377, 0.015], [111.29574, 0.01]]]

T=[[[2, 0.01], [3, 0.0375], [4, 0.9525]], [[2, 0.01], [3, 0.0375], [4, 0.9525]], [[2, 0.01], [3, 0.0375], [4, 0.9525]], [[10, 0.01], [13, 0.015], [15, 0.0225], [18, 0.03375], [20, 0.91875]], [[100, 0.01], [125, 0.015], [150, 0.0225], [175, 0.03375], [200, 0.91875]], [[100, 0.01], [125, 0.015], [150, 0.0225], [175, 0.03375], [200, 0.91875]], [[100, 0.01], [125, 0.015], [150, 0.0225], [175, 0.03375], [200, 0.91875]], [[200, 0.01], [250, 0.015], [300, 0.0225], [350, 0.03375], [400, 0.91875]], [[200, 0.01], [250, 0.015], [300, 0.0225], [350, 0.03375], [400, 0.91875]], [[500, 0.01], [625, 0.015], [750, 0.0225], [875, 0.03375], [1000, 0.91875]]]
C=[[[0.17648, 0.91875], [0.2206, 0.03375], [0.26472, 0.0225], [0.30884, 0.015], [0.35296, 0.01]], [[0.02488, 0.91875], [0.03111, 0.03375], [0.03733, 0.0225], [0.04355, 0.015], [0.04977, 0.01]], [[0.43834, 0.91875], [0.54792, 0.03375], [0.65751, 0.0225], [0.76709, 0.015], [0.87668, 0.01]], [[0.52757, 0.91875], [0.65946, 0.03375], [0.79135, 0.0225], [0.92325, 0.015], [1.05514, 0.01]], [[2.82902, 0.91875], [3.53628, 0.03375], [4.24354, 0.0225], [4.95079, 0.015], [5.65805, 0.01]], [[5.57191, 0.91875], [6.96488, 0.03375], [8.35786, 0.0225], [9.75084, 0.015], [11.14382, 0.01]], [[11.49858, 0.91875], [14.37323, 0.03375], [17.24787, 0.0225], [20.12252, 0.015], [22.99716, 0.01]], [[13.40355, 0.91875], [16.75444, 0.03375], [20.10533, 0.0225], [23.45622, 0.015], [26.80711, 0.01]], [[2.5706, 0.91875], [3.21325, 0.03375], [3.8559, 0.0225], [4.49855, 0.015], [5.1412, 0.01]], [[24.26218, 0.91875], [30.32772, 0.03375], [36.39327, 0.0225], [42.45881, 0.015], [48.52436, 0.01]]]

T=[[[2, 0.01], [3, 0.0375], [4, 0.9525]], [[2, 0.01], [3, 0.0375], [4, 0.9525]], [[2, 0.01], [3, 0.0375], [4, 0.9525]], [[5, 0.01], [7, 0.015], [8, 0.0225], [9, 0.03375], [10, 0.91875]], [[10, 0.01], [13, 0.015], [15, 0.0225], [18, 0.03375], [20, 0.91875]], [[10, 0.01], [13, 0.015], [15, 0.0225], [18, 0.03375], [20, 0.91875]], [[50, 0.01], [63, 0.015], [75, 0.0225], [88, 0.03375], [100, 0.91875]], [[50, 0.01], [63, 0.015], [75, 0.0225], [88, 0.03375], [100, 0.91875]], [[200, 0.01], [250, 0.015], [300, 0.0225], [350, 0.03375], [400, 0.91875]], [[200, 0.01], [250, 0.015], [300, 0.0225], [350, 0.03375], [400, 0.91875]]]
C=[[[0.26929, 0.91875], [0.33661, 0.03375], [0.40393, 0.0225], [0.47125, 0.015], [0.53857, 0.01]], [[0.00863, 0.91875], [0.01079, 0.03375], [0.01295, 0.0225], [0.01511, 0.015], [0.01726, 0.01]], [[0.20188, 0.91875], [0.25234, 0.03375], [0.30281, 0.0225], [0.35328, 0.015], [0.40375, 0.01]], [[0.14649, 0.91875], [0.18311, 0.03375], [0.21973, 0.0225], [0.25635, 0.015], [0.29297, 0.01]], [[0.28338, 0.91875], [0.35422, 0.03375], [0.42506, 0.0225], [0.49591, 0.015], [0.56675, 0.01]], [[0.66149, 0.91875], [0.82687, 0.03375], [0.99224, 0.0225], [1.15761, 0.015], [1.32299, 0.01]], [[5.2652, 0.91875], [6.5815, 0.03375], [7.89781, 0.0225], [9.21411, 0.015], [10.53041, 0.01]], [[5.61893, 0.91875], [7.02366, 0.03375], [8.42839, 0.0225], [9.83312, 0.015], [11.23785, 0.01]], [[3.4248, 0.91875], [4.281, 0.03375], [5.1372, 0.0225], [5.9934, 0.015], [6.8496, 0.01]], [[20.30264, 0.91875], [25.37829, 0.03375], [30.45395, 0.0225], [35.52961, 0.015], [40.60527, 0.01]]]

T=[[[1, 0.01], [2, 0.99]], [[1, 0.01], [2, 0.99]], [[1, 0.01], [2, 0.99]], [[5, 0.01], [7, 0.015], [8, 0.0225], [9, 0.03375], [10, 0.91875]], [[20, 0.01], [25, 0.015], [30, 0.0225], [35, 0.03375], [40, 0.91875]], [[20, 0.01], [25, 0.015], [30, 0.0225], [35, 0.03375], [40, 0.91875]], [[100, 0.01], [125, 0.015], [150, 0.0225], [175, 0.03375], [200, 0.91875]], [[100, 0.01], [125, 0.015], [150, 0.0225], [175, 0.03375], [200, 0.91875]], [[200, 0.01], [250, 0.015], [300, 0.0225], [350, 0.03375], [400, 0.91875]], [[1000, 0.01], [1250, 0.015], [1500, 0.0225], [1750, 0.03375], [2000, 0.91875]]]
C=[[[0.01873, 0.91875], [0.02341, 0.03375], [0.02809, 0.0225], [0.03278, 0.015], [0.03746, 0.01]], [[0.01949, 0.91875], [0.02436, 0.03375], [0.02924, 0.0225], [0.03411, 0.015], [0.03898, 0.01]], [[0.22036, 0.91875], [0.27545, 0.03375], [0.33054, 0.0225], [0.38563, 0.015], [0.44072, 0.01]], [[0.08756, 0.91875], [0.10945, 0.03375], [0.13134, 0.0225], [0.15324, 0.015], [0.17513, 0.01]], [[4.12018, 0.91875], [5.15022, 0.03375], [6.18026, 0.0225], [7.21031, 0.015], [8.24035, 0.01]], [[0.0464, 0.91875], [0.058, 0.03375], [0.0696, 0.0225], [0.0812, 0.015], [0.0928, 0.01]], [[8.44617, 0.91875], [10.55772, 0.03375], [12.66926, 0.0225], [14.78081, 0.015], [16.89235, 0.01]], [[5.39901, 0.91875], [6.74876, 0.03375], [8.09852, 0.0225], [9.44827, 0.015], [10.79802, 0.01]], [[14.56517, 0.91875], [18.20646, 0.03375], [21.84775, 0.0225], [25.48904, 0.015], [29.13034, 0.01]], [[4.3015, 0.91875], [5.37688, 0.03375], [6.45226, 0.0225], [7.52763, 0.015], [8.60301, 0.01]]]

T=[[[1, 0.01], [2, 0.99]], [[2, 0.01], [3, 0.0375], [4, 0.9525]], [[10, 0.01], [13, 0.015], [15, 0.0225], [18, 0.03375], [20, 0.91875]], [[10, 0.01], [13, 0.015], [15, 0.0225], [18, 0.03375], [20, 0.91875]], [[10, 0.01], [13, 0.015], [15, 0.0225], [18, 0.03375], [20, 0.91875]], [[50, 0.01], [63, 0.015], [75, 0.0225], [88, 0.03375], [100, 0.91875]], [[50, 0.01], [63, 0.015], [75, 0.0225], [88, 0.03375], [100, 0.91875]], [[200, 0.01], [250, 0.015], [300, 0.0225], [350, 0.03375], [400, 0.91875]], [[200, 0.01], [250, 0.015], [300, 0.0225], [350, 0.03375], [400, 0.91875]], [[200, 0.01], [250, 0.015], [300, 0.0225], [350, 0.03375], [400, 0.91875]]]
C=[[[0.0219, 0.91875], [0.02737, 0.03375], [0.03285, 0.0225], [0.03832, 0.015], [0.0438, 0.01]], [[0.04294, 0.91875], [0.05368, 0.03375], [0.06442, 0.0225], [0.07515, 0.015], [0.08589, 0.01]], [[0.20304, 0.91875], [0.2538, 0.03375], [0.30456, 0.0225], [0.35532, 0.015], [0.40608, 0.01]], [[1.49465, 0.91875], [1.86831, 0.03375], [2.24197, 0.0225], [2.61563, 0.015], [2.98929, 0.01]], [[1.15826, 0.91875], [1.44783, 0.03375], [1.73739, 0.0225], [2.02696, 0.015], [2.31652, 0.01]], [[7.87185, 0.91875], [9.83981, 0.03375], [11.80777, 0.0225], [13.77573, 0.015], [15.7437, 0.01]], [[1.77932, 0.91875], [2.22415, 0.03375], [2.66898, 0.0225], [3.11381, 0.015], [3.55864, 0.01]], [[8.79259, 0.91875], [10.99074, 0.03375], [13.18888, 0.0225], [15.38703, 0.015], [17.58518, 0.01]], [[14.40976, 0.91875], [18.01219, 0.03375], [21.61463, 0.0225], [25.21707, 0.015], [28.81951, 0.01]], [[12.39994, 0.91875], [15.49993, 0.03375], [18.59991, 0.0225], [21.6999, 0.015], [24.79989, 0.01]]]

T=[[[10, 0.01], [13, 0.015], [15, 0.0225], [18, 0.03375], [20, 0.91875]], [[10, 0.01], [13, 0.015], [15, 0.0225], [18, 0.03375], [20, 0.91875]], [[10, 0.01], [13, 0.015], [15, 0.0225], [18, 0.03375], [20, 0.91875]], [[10, 0.01], [13, 0.015], [15, 0.0225], [18, 0.03375], [20, 0.91875]], [[20, 0.01], [25, 0.015], [30, 0.0225], [35, 0.03375], [40, 0.91875]], [[50, 0.01], [63, 0.015], [75, 0.0225], [88, 0.03375], [100, 0.91875]], [[200, 0.01], [250, 0.015], [300, 0.0225], [350, 0.03375], [400, 0.91875]], [[500, 0.01], [625, 0.015], [750, 0.0225], [875, 0.03375], [1000, 0.91875]], [[500, 0.01], [625, 0.015], [750, 0.0225], [875, 0.03375], [1000, 0.91875]], [[1000, 0.01], [1250, 0.015], [1500, 0.0225], [1750, 0.03375], [2000, 0.91875]]]
C=[[[0.63038, 0.91875], [0.78797, 0.03375], [0.94557, 0.0225], [1.10316, 0.015], [1.26076, 0.01]], [[0.05637, 0.91875], [0.07046, 0.03375], [0.08456, 0.0225], [0.09865, 0.015], [0.11274, 0.01]], [[0.0713, 0.91875], [0.08913, 0.03375], [0.10695, 0.0225], [0.12478, 0.015], [0.1426, 0.01]], [[2.69936, 0.91875], [3.3742, 0.03375], [4.04904, 0.0225], [4.72389, 0.015], [5.39873, 0.01]], [[0.4318, 0.91875], [0.53975, 0.03375], [0.6477, 0.0225], [0.75565, 0.015], [0.8636, 0.01]], [[1.19527, 0.91875], [1.49408, 0.03375], [1.7929, 0.0225], [2.09172, 0.015], [2.39053, 0.01]], [[10.82532, 0.91875], [13.53164, 0.03375], [16.23797, 0.0225], [18.9443, 0.015], [21.65063, 0.01]], [[57.80097, 0.91875], [72.25121, 0.03375], [86.70145, 0.0225], [101.15169, 0.015], [115.60193, 0.01]], [[37.84902, 0.91875], [47.31127, 0.03375], [56.77353, 0.0225], [66.23578, 0.015], [75.69804, 0.01]], [[63.3369, 0.91875], [79.17112, 0.03375], [95.00534, 0.0225], [110.83957, 0.015], [126.67379, 0.01]]]

T=[[[1, 0.01], [2, 0.99]], [[10, 0.01], [13, 0.015], [15, 0.0225], [18, 0.03375], [20, 0.91875]], [[10, 0.01], [13, 0.015], [15, 0.0225], [18, 0.03375], [20, 0.91875]], [[50, 0.01], [63, 0.015], [75, 0.0225], [88, 0.03375], [100, 0.91875]], [[50, 0.01], [63, 0.015], [75, 0.0225], [88, 0.03375], [100, 0.91875]], [[50, 0.01], [63, 0.015], [75, 0.0225], [88, 0.03375], [100, 0.91875]], [[100, 0.01], [125, 0.015], [150, 0.0225], [175, 0.03375], [200, 0.91875]], [[200, 0.01], [250, 0.015], [300, 0.0225], [350, 0.03375], [400, 0.91875]], [[200, 0.01], [250, 0.015], [300, 0.0225], [350, 0.03375], [400, 0.91875]], [[1000, 0.01], [1250, 0.015], [1500, 0.0225], [1750, 0.03375], [2000, 0.91875]]]
C=[[[0.04259, 0.91875], [0.05324, 0.03375], [0.06389, 0.0225], [0.07454, 0.015], [0.08518, 0.01]], [[0.50034, 0.91875], [0.62542, 0.03375], [0.75051, 0.0225], [0.87559, 0.015], [1.00068, 0.01]], [[1.59354, 0.91875], [1.99192, 0.03375], [2.39031, 0.0225], [2.78869, 0.015], [3.18708, 0.01]], [[0.29755, 0.91875], [0.37194, 0.03375], [0.44633, 0.0225], [0.52072, 0.015], [0.5951, 0.01]], [[12.5971, 0.91875], [15.74637, 0.03375], [18.89565, 0.0225], [22.04492, 0.015], [25.19419, 0.01]], [[0.55288, 0.91875], [0.6911, 0.03375], [0.82932, 0.0225], [0.96754, 0.015], [1.10576, 0.01]], [[12.10185, 0.91875], [15.12731, 0.03375], [18.15277, 0.0225], [21.17823, 0.015], [24.2037, 0.01]], [[0.09675, 0.91875], [0.12094, 0.03375], [0.14513, 0.0225], [0.16932, 0.015], [0.1935, 0.01]], [[5.63931, 0.91875], [7.04913, 0.03375], [8.45896, 0.0225], [9.86879, 0.015], [11.27862, 0.01]], [[29.37127, 0.91875], [36.71409, 0.03375], [44.05691, 0.0225], [51.39973, 0.015], [58.74255, 0.01]]]

T=[[[1, 0.01], [2, 0.99]], [[2, 0.01], [3, 0.0375], [4, 0.9525]], [[20, 0.01], [25, 0.015], [30, 0.0225], [35, 0.03375], [40, 0.91875]], [[50, 0.01], [63, 0.015], [75, 0.0225], [88, 0.03375], [100, 0.91875]], [[50, 0.01], [63, 0.015], [75, 0.0225], [88, 0.03375], [100, 0.91875]], [[50, 0.01], [63, 0.015], [75, 0.0225], [88, 0.03375], [100, 0.91875]], [[100, 0.01], [125, 0.015], [150, 0.0225], [175, 0.03375], [200, 0.91875]], [[200, 0.01], [250, 0.015], [300, 0.0225], [350, 0.03375], [400, 0.91875]], [[500, 0.01], [625, 0.015], [750, 0.0225], [875, 0.03375], [1000, 0.91875]], [[1000, 0.01], [1250, 0.015], [1500, 0.0225], [1750, 0.03375], [2000, 0.91875]]]
C=[[[0.10188, 0.91875], [0.12736, 0.03375], [0.15283, 0.0225], [0.1783, 0.015], [0.20377, 0.01]], [[0.33165, 0.91875], [0.41457, 0.03375], [0.49748, 0.0225], [0.5804, 0.015], [0.66331, 0.01]], [[0.59971, 0.91875], [0.74964, 0.03375], [0.89957, 0.0225], [1.0495, 0.015], [1.19943, 0.01]], [[4.75868, 0.91875], [5.94835, 0.03375], [7.13802, 0.0225], [8.32769, 0.015], [9.51736, 0.01]], [[1.92618, 0.91875], [2.40772, 0.03375], [2.88927, 0.0225], [3.37081, 0.015], [3.85236, 0.01]], [[2.626, 0.91875], [3.28249, 0.03375], [3.93899, 0.0225], [4.59549, 0.015], [5.25199, 0.01]], [[0.79106, 0.91875], [0.98882, 0.03375], [1.18659, 0.0225], [1.38435, 0.015], [1.58212, 0.01]], [[29.33164, 0.91875], [36.66455, 0.03375], [43.99746, 0.0225], [51.33036, 0.015], [58.66327, 0.01]], [[19.52902, 0.91875], [24.41127, 0.03375], [29.29353, 0.0225], [34.17578, 0.015], [39.05804, 0.01]], [[22.45905, 0.91875], [28.07381, 0.03375], [33.68858, 0.0225], [39.30334, 0.015], [44.9181, 0.01]]]

T=[[[1, 0.01], [2, 0.99]], [[2, 0.01], [3, 0.0375], [4, 0.9525]], [[5, 0.01], [7, 0.015], [8, 0.0225], [9, 0.03375], [10, 0.91875]], [[5, 0.01], [7, 0.015], [8, 0.0225], [9, 0.03375], [10, 0.91875]], [[10, 0.01], [13, 0.015], [15, 0.0225], [18, 0.03375], [20, 0.91875]], [[100, 0.01], [125, 0.015], [150, 0.0225], [175, 0.03375], [200, 0.91875]], [[500, 0.01], [625, 0.015], [750, 0.0225], [875, 0.03375], [1000, 0.91875]], [[1000, 0.01], [1250, 0.015], [1500, 0.0225], [1750, 0.03375], [2000, 0.91875]], [[1000, 0.01], [1250, 0.015], [1500, 0.0225], [1750, 0.03375], [2000, 0.91875]], [[1000, 0.01], [1250, 0.015], [1500, 0.0225], [1750, 0.03375], [2000, 0.91875]]]
C=[[[0.03046, 0.91875], [0.03807, 0.03375], [0.04569, 0.0225], [0.0533, 0.015], [0.06092, 0.01]], [[0.36529, 0.91875], [0.45661, 0.03375], [0.54793, 0.0225], [0.63925, 0.015], [0.73057, 0.01]], [[0.11208, 0.91875], [0.14011, 0.03375], [0.16813, 0.0225], [0.19615, 0.015], [0.22417, 0.01]], [[0.53434, 0.91875], [0.66793, 0.03375], [0.80151, 0.0225], [0.9351, 0.015], [1.06868, 0.01]], [[1.07745, 0.91875], [1.34681, 0.03375], [1.61618, 0.0225], [1.88554, 0.015], [2.1549, 0.01]], [[0.03275, 0.91875], [0.04094, 0.03375], [0.04913, 0.0225], [0.05732, 0.015], [0.06551, 0.01]], [[27.70335, 0.91875], [34.62918, 0.03375], [41.55502, 0.0225], [48.48085, 0.015], [55.40669, 0.01]], [[106.42722, 0.91875], [133.03403, 0.03375], [159.64083, 0.0225], [186.24764, 0.015], [212.85444, 0.01]], [[6.10277, 0.91875], [7.62846, 0.03375], [9.15415, 0.0225], [10.67984, 0.015], [12.20554, 0.01]], [[81.60429, 0.91875], [102.00536, 0.03375], [122.40643, 0.0225], [142.8075, 0.015], [163.20857, 0.01]]]

T=[[[5, 0.01], [7, 0.015], [8, 0.0225], [9, 0.03375], [10, 0.91875]], [[5, 0.01], [7, 0.015], [8, 0.0225], [9, 0.03375], [10, 0.91875]], [[5, 0.01], [7, 0.015], [8, 0.0225], [9, 0.03375], [10, 0.91875]], [[10, 0.01], [13, 0.015], [15, 0.0225], [18, 0.03375], [20, 0.91875]], [[10, 0.01], [13, 0.015], [15, 0.0225], [18, 0.03375], [20, 0.91875]], [[50, 0.01], [63, 0.015], [75, 0.0225], [88, 0.03375], [100, 0.91875]], [[200, 0.01], [250, 0.015], [300, 0.0225], [350, 0.03375], [400, 0.91875]], [[200, 0.01], [250, 0.015], [300, 0.0225], [350, 0.03375], [400, 0.91875]], [[500, 0.01], [625, 0.015], [750, 0.0225], [875, 0.03375], [1000, 0.91875]], [[1000, 0.01], [1250, 0.015], [1500, 0.0225], [1750, 0.03375], [2000, 0.91875]]]
C=[[[0.46111, 0.91875], [0.57639, 0.03375], [0.69167, 0.0225], [0.80695, 0.015], [0.92222, 0.01]], [[0.22855, 0.91875], [0.28568, 0.03375], [0.34282, 0.0225], [0.39996, 0.015], [0.45709, 0.01]], [[0.48411, 0.91875], [0.60514, 0.03375], [0.72617, 0.0225], [0.84719, 0.015], [0.96822, 0.01]], [[0.26362, 0.91875], [0.32953, 0.03375], [0.39543, 0.0225], [0.46134, 0.015], [0.52724, 0.01]], [[0.04993, 0.91875], [0.06242, 0.03375], [0.0749, 0.0225], [0.08738, 0.015], [0.09987, 0.01]], [[3.8946, 0.91875], [4.86825, 0.03375], [5.8419, 0.0225], [6.81555, 0.015], [7.7892, 0.01]], [[2.68907, 0.91875], [3.36134, 0.03375], [4.03361, 0.0225], [4.70587, 0.015], [5.37814, 0.01]], [[29.8644, 0.91875], [37.3305, 0.03375], [44.7966, 0.0225], [52.2627, 0.015], [59.7288, 0.01]], [[29.84236, 0.91875], [37.30295, 0.03375], [44.76354, 0.0225], [52.22413, 0.015], [59.68472, 0.01]], [[133.54654, 0.91875], [166.93318, 0.03375], [200.31981, 0.0225], [233.70645, 0.015], [267.09308, 0.01]]]

T=[[[1, 0.01], [2, 0.99]], [[2, 0.01], [3, 0.0375], [4, 0.9525]], [[5, 0.01], [7, 0.015], [8, 0.0225], [9, 0.03375], [10, 0.91875]], [[5, 0.01], [7, 0.015], [8, 0.0225], [9, 0.03375], [10, 0.91875]], [[10, 0.01], [13, 0.015], [15, 0.0225], [18, 0.03375], [20, 0.91875]], [[50, 0.01], [63, 0.015], [75, 0.0225], [88, 0.03375], [100, 0.91875]], [[50, 0.01], [63, 0.015], [75, 0.0225], [88, 0.03375], [100, 0.91875]], [[100, 0.01], [125, 0.015], [150, 0.0225], [175, 0.03375], [200, 0.91875]], [[1000, 0.01], [1250, 0.015], [1500, 0.0225], [1750, 0.03375], [2000, 0.91875]], [[1000, 0.01], [1250, 0.015], [1500, 0.0225], [1750, 0.03375], [2000, 0.91875]]]
C=[[[0.00145, 0.91875], [0.00182, 0.03375], [0.00218, 0.0225], [0.00254, 0.015], [0.00291, 0.01]], [[0.01887, 0.91875], [0.02359, 0.03375], [0.0283, 0.0225], [0.03302, 0.015], [0.03774, 0.01]], [[0.25234, 0.91875], [0.31543, 0.03375], [0.37852, 0.0225], [0.4416, 0.015], [0.50469, 0.01]], [[0.21041, 0.91875], [0.26301, 0.03375], [0.31562, 0.0225], [0.36822, 0.015], [0.42082, 0.01]], [[1.07121, 0.91875], [1.33901, 0.03375], [1.60681, 0.0225], [1.87461, 0.015], [2.14241, 0.01]], [[0.14074, 0.91875], [0.17592, 0.03375], [0.21111, 0.0225], [0.24629, 0.015], [0.28147, 0.01]], [[5.57136, 0.91875], [6.9642, 0.03375], [8.35704, 0.0225], [9.74988, 0.015], [11.14272, 0.01]], [[22.45061, 0.91875], [28.06326, 0.03375], [33.67591, 0.0225], [39.28856, 0.015], [44.90121, 0.01]], [[100.05514, 0.91875], [125.06892, 0.03375], [150.0827, 0.0225], [175.09649, 0.015], [200.11027, 0.01]], [[50.63818, 0.91875], [63.29772, 0.03375], [75.95727, 0.0225], [88.61681, 0.015], [101.27636, 0.01]]]

T=[[[1, 0.01], [2, 0.99]], [[5, 0.01], [7, 0.015], [8, 0.0225], [9, 0.03375], [10, 0.91875]], [[5, 0.01], [7, 0.015], [8, 0.0225], [9, 0.03375], [10, 0.91875]], [[10, 0.01], [13, 0.015], [15, 0.0225], [18, 0.03375], [20, 0.91875]], [[10, 0.01], [13, 0.015], [15, 0.0225], [18, 0.03375], [20, 0.91875]], [[20, 0.01], [25, 0.015], [30, 0.0225], [35, 0.03375], [40, 0.91875]], [[50, 0.01], [63, 0.015], [75, 0.0225], [88, 0.03375], [100, 0.91875]], [[50, 0.01], [63, 0.015], [75, 0.0225], [88, 0.03375], [100, 0.91875]], [[200, 0.01], [250, 0.015], [300, 0.0225], [350, 0.03375], [400, 0.91875]], [[500, 0.01], [625, 0.015], [750, 0.0225], [875, 0.03375], [1000, 0.91875]]]
C=[[[0.01725, 0.91875], [0.02156, 0.03375], [0.02587, 0.0225], [0.03019, 0.015], [0.0345, 0.01]], [[0.10328, 0.91875], [0.12909, 0.03375], [0.15491, 0.0225], [0.18073, 0.015], [0.20655, 0.01]], [[0.45281, 0.91875], [0.56602, 0.03375], [0.67922, 0.0225], [0.79243, 0.015], [0.90563, 0.01]], [[2.28013, 0.91875], [2.85016, 0.03375], [3.42019, 0.0225], [3.99022, 0.015], [4.56025, 0.01]], [[0.2095, 0.91875], [0.26187, 0.03375], [0.31425, 0.0225], [0.36662, 0.015], [0.41899, 0.01]], [[0.49217, 0.91875], [0.61521, 0.03375], [0.73825, 0.0225], [0.86129, 0.015], [0.98433, 0.01]], [[2.32214, 0.91875], [2.90268, 0.03375], [3.48322, 0.0225], [4.06375, 0.015], [4.64429, 0.01]], [[3.59493, 0.91875], [4.49366, 0.03375], [5.39239, 0.0225], [6.29112, 0.015], [7.18986, 0.01]], [[4.55372, 0.91875], [5.69216, 0.03375], [6.83059, 0.0225], [7.96902, 0.015], [9.10745, 0.01]], [[78.42604, 0.91875], [98.03255, 0.03375], [117.63906, 0.0225], [137.24557, 0.015], [156.85208, 0.01]]]

T=[[[1, 0.01], [2, 0.99]], [[5, 0.01], [7, 0.015], [8, 0.0225], [9, 0.03375], [10, 0.91875]], [[20, 0.01], [25, 0.015], [30, 0.0225], [35, 0.03375], [40, 0.91875]], [[20, 0.01], [25, 0.015], [30, 0.0225], [35, 0.03375], [40, 0.91875]], [[100, 0.01], [125, 0.015], [150, 0.0225], [175, 0.03375], [200, 0.91875]], [[100, 0.01], [125, 0.015], [150, 0.0225], [175, 0.03375], [200, 0.91875]], [[100, 0.01], [125, 0.015], [150, 0.0225], [175, 0.03375], [200, 0.91875]], [[200, 0.01], [250, 0.015], [300, 0.0225], [350, 0.03375], [400, 0.91875]], [[500, 0.01], [625, 0.015], [750, 0.0225], [875, 0.03375], [1000, 0.91875]], [[1000, 0.01], [1250, 0.015], [1500, 0.0225], [1750, 0.03375], [2000, 0.91875]]]
C=[[[0.03894, 0.91875], [0.04868, 0.03375], [0.05841, 0.0225], [0.06815, 0.015], [0.07788, 0.01]], [[0.115, 0.91875], [0.14376, 0.03375], [0.17251, 0.0225], [0.20126, 0.015], [0.23001, 0.01]], [[0.95646, 0.91875], [1.19557, 0.03375], [1.43469, 0.0225], [1.6738, 0.015], [1.91292, 0.01]], [[1.49243, 0.91875], [1.86554, 0.03375], [2.23864, 0.0225], [2.61175, 0.015], [2.98486, 0.01]], [[8.06758, 0.91875], [10.08447, 0.03375], [12.10136, 0.0225], [14.11826, 0.015], [16.13515, 0.01]], [[33.77303, 0.91875], [42.21629, 0.03375], [50.65955, 0.0225], [59.10281, 0.015], [67.54607, 0.01]], [[0.26155, 0.91875], [0.32694, 0.03375], [0.39233, 0.0225], [0.45771, 0.015], [0.5231, 0.01]], [[7.06307, 0.91875], [8.82884, 0.03375], [10.5946, 0.0225], [12.36037, 0.015], [14.12614, 0.01]], [[5.69359, 0.91875], [7.11699, 0.03375], [8.54038, 0.0225], [9.96378, 0.015], [11.38718, 0.01]], [[47.88841, 0.91875], [59.86051, 0.03375], [71.83261, 0.0225], [83.80471, 0.015], [95.77681, 0.01]]]

T=[[[1, 0.01], [2, 0.99]], [[2, 0.01], [3, 0.0375], [4, 0.9525]], [[5, 0.01], [7, 0.015], [8, 0.0225], [9, 0.03375], [10, 0.91875]], [[5, 0.01], [7, 0.015], [8, 0.0225], [9, 0.03375], [10, 0.91875]], [[10, 0.01], [13, 0.015], [15, 0.0225], [18, 0.03375], [20, 0.91875]], [[20, 0.01], [25, 0.015], [30, 0.0225], [35, 0.03375], [40, 0.91875]], [[20, 0.01], [25, 0.015], [30, 0.0225], [35, 0.03375], [40, 0.91875]], [[200, 0.01], [250, 0.015], [300, 0.0225], [350, 0.03375], [400, 0.91875]], [[200, 0.01], [250, 0.015], [300, 0.0225], [350, 0.03375], [400, 0.91875]], [[1000, 0.01], [1250, 0.015], [1500, 0.0225], [1750, 0.03375], [2000, 0.91875]]]
C=[[[0.00079, 0.91875], [0.00099, 0.03375], [0.00119, 0.0225], [0.00139, 0.015], [0.00158, 0.01]], [[0.2117, 0.91875], [0.26463, 0.03375], [0.31755, 0.0225], [0.37048, 0.015], [0.4234, 0.01]], [[1.06262, 0.91875], [1.32827, 0.03375], [1.59392, 0.0225], [1.85958, 0.015], [2.12523, 0.01]], [[0.03236, 0.91875], [0.04045, 0.03375], [0.04854, 0.0225], [0.05663, 0.015], [0.06472, 0.01]], [[0.50519, 0.91875], [0.63148, 0.03375], [0.75778, 0.0225], [0.88408, 0.015], [1.01037, 0.01]], [[0.21031, 0.91875], [0.26289, 0.03375], [0.31547, 0.0225], [0.36804, 0.015], [0.42062, 0.01]], [[0.47729, 0.91875], [0.59662, 0.03375], [0.71594, 0.0225], [0.83526, 0.015], [0.95459, 0.01]], [[13.65884, 0.91875], [17.07355, 0.03375], [20.48826, 0.0225], [23.90297, 0.015], [27.31768, 0.01]], [[14.26422, 0.91875], [17.83027, 0.03375], [21.39632, 0.0225], [24.96238, 0.015], [28.52843, 0.01]], [[149.84865, 0.91875], [187.31082, 0.03375], [224.77298, 0.0225], [262.23514, 0.015], [299.69731, 0.01]]]

T=[[[1, 0.01], [2, 0.99]], [[5, 0.01], [7, 0.015], [8, 0.0225], [9, 0.03375], [10, 0.91875]], [[10, 0.01], [13, 0.015], [15, 0.0225], [18, 0.03375], [20, 0.91875]], [[10, 0.01], [13, 0.015], [15, 0.0225], [18, 0.03375], [20, 0.91875]], [[50, 0.01], [63, 0.015], [75, 0.0225], [88, 0.03375], [100, 0.91875]], [[50, 0.01], [63, 0.015], [75, 0.0225], [88, 0.03375], [100, 0.91875]], [[100, 0.01], [125, 0.015], [150, 0.0225], [175, 0.03375], [200, 0.91875]], [[500, 0.01], [625, 0.015], [750, 0.0225], [875, 0.03375], [1000, 0.91875]], [[1000, 0.01], [1250, 0.015], [1500, 0.0225], [1750, 0.03375], [2000, 0.91875]], [[1000, 0.01], [1250, 0.015], [1500, 0.0225], [1750, 0.03375], [2000, 0.91875]]]
C=[[[0.04448, 0.91875], [0.0556, 0.03375], [0.06672, 0.0225], [0.07784, 0.015], [0.08896, 0.01]], [[0.08122, 0.91875], [0.10153, 0.03375], [0.12183, 0.0225], [0.14214, 0.015], [0.16244, 0.01]], [[1.45694, 0.91875], [1.82117, 0.03375], [2.18541, 0.0225], [2.54964, 0.015], [2.91388, 0.01]], [[1.26433, 0.91875], [1.58041, 0.03375], [1.89649, 0.0225], [2.21258, 0.015], [2.52866, 0.01]], [[1.92903, 0.91875], [2.41129, 0.03375], [2.89355, 0.0225], [3.37581, 0.015], [3.85807, 0.01]], [[2.3489, 0.91875], [2.93612, 0.03375], [3.52335, 0.0225], [4.11057, 0.015], [4.6978, 0.01]], [[13.26841, 0.91875], [16.58551, 0.03375], [19.90262, 0.0225], [23.21972, 0.015], [26.53682, 0.01]], [[37.30591, 0.91875], [46.63239, 0.03375], [55.95887, 0.0225], [65.28535, 0.015], [74.61183, 0.01]], [[5.81292, 0.91875], [7.26615, 0.03375], [8.71938, 0.0225], [10.17261, 0.015], [11.62584, 0.01]], [[68.48138, 0.91875], [85.60172, 0.03375], [102.72207, 0.0225], [119.84241, 0.015], [136.96276, 0.01]]]

T=[[[1, 0.01], [2, 0.99]], [[5, 0.01], [7, 0.015], [8, 0.0225], [9, 0.03375], [10, 0.91875]], [[10, 0.01], [13, 0.015], [15, 0.0225], [18, 0.03375], [20, 0.91875]], [[20, 0.01], [25, 0.015], [30, 0.0225], [35, 0.03375], [40, 0.91875]], [[20, 0.01], [25, 0.015], [30, 0.0225], [35, 0.03375], [40, 0.91875]], [[50, 0.01], [63, 0.015], [75, 0.0225], [88, 0.03375], [100, 0.91875]], [[50, 0.01], [63, 0.015], [75, 0.0225], [88, 0.03375], [100, 0.91875]], [[100, 0.01], [125, 0.015], [150, 0.0225], [175, 0.03375], [200, 0.91875]], [[100, 0.01], [125, 0.015], [150, 0.0225], [175, 0.03375], [200, 0.91875]], [[1000, 0.01], [1250, 0.015], [1500, 0.0225], [1750, 0.03375], [2000, 0.91875]]]
C=[[[0.04811, 0.91875], [0.06014, 0.03375], [0.07217, 0.0225], [0.0842, 0.015], [0.09623, 0.01]], [[0.46727, 0.91875], [0.58409, 0.03375], [0.7009, 0.0225], [0.81772, 0.015], [0.93454, 0.01]], [[0.32674, 0.91875], [0.40843, 0.03375], [0.49011, 0.0225], [0.5718, 0.015], [0.65348, 0.01]], [[1.27, 0.91875], [1.5875, 0.03375], [1.905, 0.0225], [2.2225, 0.015], [2.54, 0.01]], [[4.5898, 0.91875], [5.73725, 0.03375], [6.88471, 0.0225], [8.03216, 0.015], [9.17961, 0.01]], [[2.68317, 0.91875], [3.35396, 0.03375], [4.02475, 0.0225], [4.69555, 0.015], [5.36634, 0.01]], [[5.45654, 0.91875], [6.82068, 0.03375], [8.18481, 0.0225], [9.54895, 0.015], [10.91308, 0.01]], [[4.00256, 0.91875], [5.0032, 0.03375], [6.00384, 0.0225], [7.00448, 0.015], [8.00512, 0.01]], [[0.82485, 0.91875], [1.03106, 0.03375], [1.23727, 0.0225], [1.44349, 0.015], [1.6497, 0.01]], [[21.69983, 0.91875], [27.12479, 0.03375], [32.54975, 0.0225], [37.97471, 0.015], [43.39967, 0.01]]]

T=[[[1, 0.01], [2, 0.99]], [[2, 0.01], [3, 0.0375], [4, 0.9525]], [[2, 0.01], [3, 0.0375], [4, 0.9525]], [[20, 0.01], [25, 0.015], [30, 0.0225], [35, 0.03375], [40, 0.91875]], [[20, 0.01], [25, 0.015], [30, 0.0225], [35, 0.03375], [40, 0.91875]], [[50, 0.01], [63, 0.015], [75, 0.0225], [88, 0.03375], [100, 0.91875]], [[100, 0.01], [125, 0.015], [150, 0.0225], [175, 0.03375], [200, 0.91875]], [[200, 0.01], [250, 0.015], [300, 0.0225], [350, 0.03375], [400, 0.91875]], [[500, 0.01], [625, 0.015], [750, 0.0225], [875, 0.03375], [1000, 0.91875]], [[1000, 0.01], [1250, 0.015], [1500, 0.0225], [1750, 0.03375], [2000, 0.91875]]]
C=[[[0.05878, 0.91875], [0.07347, 0.03375], [0.08816, 0.0225], [0.10286, 0.015], [0.11755, 0.01]], [[0.03451, 0.91875], [0.04313, 0.03375], [0.05176, 0.0225], [0.06039, 0.015], [0.06901, 0.01]], [[0.08467, 0.91875], [0.10583, 0.03375], [0.127, 0.0225], [0.14817, 0.015], [0.16933, 0.01]], [[0.66735, 0.91875], [0.83419, 0.03375], [1.00103, 0.0225], [1.16786, 0.015], [1.3347, 0.01]], [[0.91137, 0.91875], [1.13922, 0.03375], [1.36706, 0.0225], [1.5949, 0.015], [1.82275, 0.01]], [[0.09585, 0.91875], [0.11981, 0.03375], [0.14377, 0.0225], [0.16773, 0.015], [0.19169, 0.01]], [[14.24835, 0.91875], [17.81043, 0.03375], [21.37252, 0.0225], [24.9346, 0.015], [28.49669, 0.01]], [[13.4058, 0.91875], [16.75725, 0.03375], [20.1087, 0.0225], [23.46016, 0.015], [26.81161, 0.01]], [[144.20336, 0.91875], [180.2542, 0.03375], [216.30504, 0.0225], [252.35588, 0.015], [288.40672, 0.01]], [[2.86651, 0.91875], [3.58313, 0.03375], [4.29976, 0.0225], [5.01639, 0.015], [5.73301, 0.01]]]

