T=[[[1, 0.01], [2, 0.99]], [[2, 0.01], [3, 0.015], [4, 0.975]], [[5, 0.01], [8, 0.015], [10, 0.975]], [[5, 0.01], [8, 0.015], [10, 0.975]], [[5, 0.01], [8, 0.015], [10, 0.975]], [[10, 0.01], [15, 0.015], [20, 0.975]], [[10, 0.01], [15, 0.015], [20, 0.975]], [[10, 0.01], [15, 0.015], [20, 0.975]], [[50, 0.01], [75, 0.015], [100, 0.975]], [[50, 0.01], [75, 0.015], [100, 0.975]], [[200, 0.01], [300, 0.015], [400, 0.975]], [[200, 0.01], [300, 0.015], [400, 0.975]], [[200, 0.01], [300, 0.015], [400, 0.975]], [[500, 0.01], [750, 0.015], [1000, 0.975]], [[500, 0.01], [750, 0.015], [1000, 0.975]]]
C=[[[0.05912, 0.975], [0.08869, 0.015], [0.11825, 0.01]], [[0.00306, 0.975], [0.00459, 0.015], [0.00613, 0.01]], [[0.16524, 0.975], [0.24785, 0.015], [0.33047, 0.01]], [[0.05703, 0.975], [0.08555, 0.015], [0.11407, 0.01]], [[0.07156, 0.975], [0.10733, 0.015], [0.14311, 0.01]], [[0.76918, 0.975], [1.15377, 0.015], [1.53836, 0.01]], [[0.24748, 0.975], [0.37121, 0.015], [0.49495, 0.01]], [[0.00282, 0.975], [0.00424, 0.015], [0.00565, 0.01]], [[5.87871, 0.975], [8.81807, 0.015], [11.75743, 0.01]], [[0.22185, 0.975], [0.33278, 0.015], [0.44371, 0.01]], [[17.41819, 0.975], [26.12729, 0.015], [34.83639, 0.01]], [[30.89807, 0.975], [46.34711, 0.015], [61.79614, 0.01]], [[12.90512, 0.975], [19.35768, 0.015], [25.81024, 0.01]], [[0.03734, 0.975], [0.056, 0.015], [0.07467, 0.01]], [[25.21973, 0.975], [37.82959, 0.015], [50.43946, 0.01]]]

T=[[[1, 0.01], [2, 0.99]], [[1, 0.01], [2, 0.99]], [[2, 0.01], [3, 0.015], [4, 0.975]], [[20, 0.01], [30, 0.015], [40, 0.975]], [[100, 0.01], [150, 0.015], [200, 0.975]], [[100, 0.01], [150, 0.015], [200, 0.975]], [[200, 0.01], [300, 0.015], [400, 0.975]], [[200, 0.01], [300, 0.015], [400, 0.975]], [[200, 0.01], [300, 0.015], [400, 0.975]], [[200, 0.01], [300, 0.015], [400, 0.975]], [[500, 0.01], [750, 0.015], [1000, 0.975]], [[500, 0.01], [750, 0.015], [1000, 0.975]], [[1000, 0.01], [1500, 0.015], [2000, 0.975]], [[1000, 0.01], [1500, 0.015], [2000, 0.975]], [[1000, 0.01], [1500, 0.015], [2000, 0.975]]]
C=[[[0.04917, 0.975], [0.07376, 0.015], [0.09835, 0.01]], [[0.00766, 0.975], [0.01149, 0.015], [0.01532, 0.01]], [[0.17756, 0.975], [0.26635, 0.015], [0.35513, 0.01]], [[0.2771, 0.975], [0.41566, 0.015], [0.55421, 0.01]], [[1.66926, 0.975], [2.50389, 0.015], [3.33852, 0.01]], [[1.22079, 0.975], [1.83118, 0.015], [2.44158, 0.01]], [[5.96534, 0.975], [8.94801, 0.015], [11.93068, 0.01]], [[8.70349, 0.975], [13.05524, 0.015], [17.40698, 0.01]], [[10.02869, 0.975], [15.04303, 0.015], [20.05738, 0.01]], [[1.41682, 0.975], [2.12524, 0.015], [2.83365, 0.01]], [[20.5675, 0.975], [30.85125, 0.015], [41.135, 0.01]], [[9.82588, 0.975], [14.73882, 0.015], [19.65175, 0.01]], [[88.34599, 0.975], [132.51899, 0.015], [176.69198, 0.01]], [[133.82563, 0.975], [200.73844, 0.015], [267.65125, 0.01]], [[98.09719, 0.975], [147.14579, 0.015], [196.19438, 0.01]]]

T=[[[2, 0.01], [3, 0.015], [4, 0.975]], [[5, 0.01], [8, 0.015], [10, 0.975]], [[5, 0.01], [8, 0.015], [10, 0.975]], [[5, 0.01], [8, 0.015], [10, 0.975]], [[10, 0.01], [15, 0.015], [20, 0.975]], [[10, 0.01], [15, 0.015], [20, 0.975]], [[20, 0.01], [30, 0.015], [40, 0.975]], [[50, 0.01], [75, 0.015], [100, 0.975]], [[100, 0.01], [150, 0.015], [200, 0.975]], [[100, 0.01], [150, 0.015], [200, 0.975]], [[100, 0.01], [150, 0.015], [200, 0.975]], [[500, 0.01], [750, 0.015], [1000, 0.975]], [[500, 0.01], [750, 0.015], [1000, 0.975]], [[500, 0.01], [750, 0.015], [1000, 0.975]], [[1000, 0.01], [1500, 0.015], [2000, 0.975]]]
C=[[[0.07426, 0.975], [0.11139, 0.015], [0.14853, 0.01]], [[0.1464, 0.975], [0.2196, 0.015], [0.2928, 0.01]], [[0.0533, 0.975], [0.07994, 0.015], [0.10659, 0.01]], [[0.01504, 0.975], [0.02257, 0.015], [0.03009, 0.01]], [[0.9059, 0.975], [1.35885, 0.015], [1.8118, 0.01]], [[0.99012, 0.975], [1.48518, 0.015], [1.98024, 0.01]], [[0.65221, 0.975], [0.97831, 0.015], [1.30441, 0.01]], [[1.41231, 0.975], [2.11846, 0.015], [2.82462, 0.01]], [[1.50928, 0.975], [2.26392, 0.015], [3.01857, 0.01]], [[11.25413, 0.975], [16.88119, 0.015], [22.50826, 0.01]], [[3.33213, 0.975], [4.9982, 0.015], [6.66427, 0.01]], [[40.56122, 0.975], [60.84183, 0.015], [81.12244, 0.01]], [[21.31211, 0.975], [31.96816, 0.015], [42.62422, 0.01]], [[41.50404, 0.975], [62.25606, 0.015], [83.00809, 0.01]], [[1.75229, 0.975], [2.62844, 0.015], [3.50458, 0.01]]]

T=[[[2, 0.01], [3, 0.015], [4, 0.975]], [[10, 0.01], [15, 0.015], [20, 0.975]], [[10, 0.01], [15, 0.015], [20, 0.975]], [[10, 0.01], [15, 0.015], [20, 0.975]], [[10, 0.01], [15, 0.015], [20, 0.975]], [[10, 0.01], [15, 0.015], [20, 0.975]], [[20, 0.01], [30, 0.015], [40, 0.975]], [[20, 0.01], [30, 0.015], [40, 0.975]], [[20, 0.01], [30, 0.015], [40, 0.975]], [[20, 0.01], [30, 0.015], [40, 0.975]], [[50, 0.01], [75, 0.015], [100, 0.975]], [[200, 0.01], [300, 0.015], [400, 0.975]], [[200, 0.01], [300, 0.015], [400, 0.975]], [[500, 0.01], [750, 0.015], [1000, 0.975]], [[1000, 0.01], [1500, 0.015], [2000, 0.975]]]
C=[[[0.17874, 0.975], [0.26811, 0.015], [0.35748, 0.01]], [[0.3278, 0.975], [0.4917, 0.015], [0.6556, 0.01]], [[0.51388, 0.975], [0.77082, 0.015], [1.02776, 0.01]], [[0.43073, 0.975], [0.6461, 0.015], [0.86147, 0.01]], [[0.04271, 0.975], [0.06406, 0.015], [0.08542, 0.01]], [[0.64787, 0.975], [0.9718, 0.015], [1.29573, 0.01]], [[1.96424, 0.975], [2.94636, 0.015], [3.92848, 0.01]], [[1.6796, 0.975], [2.5194, 0.015], [3.3592, 0.01]], [[0.40509, 0.975], [0.60763, 0.015], [0.81018, 0.01]], [[0.83109, 0.975], [1.24664, 0.015], [1.66219, 0.01]], [[5.35599, 0.975], [8.03399, 0.015], [10.71199, 0.01]], [[2.5114, 0.975], [3.7671, 0.015], [5.0228, 0.01]], [[3.22642, 0.975], [4.83963, 0.015], [6.45284, 0.01]], [[10.76413, 0.975], [16.14619, 0.015], [21.52826, 0.01]], [[12.99149, 0.975], [19.48724, 0.015], [25.98298, 0.01]]]

T=[[[1, 0.01], [2, 0.99]], [[2, 0.01], [3, 0.015], [4, 0.975]], [[2, 0.01], [3, 0.015], [4, 0.975]], [[5, 0.01], [8, 0.015], [10, 0.975]], [[20, 0.01], [30, 0.015], [40, 0.975]], [[50, 0.01], [75, 0.015], [100, 0.975]], [[50, 0.01], [75, 0.015], [100, 0.975]], [[50, 0.01], [75, 0.015], [100, 0.975]], [[50, 0.01], [75, 0.015], [100, 0.975]], [[200, 0.01], [300, 0.015], [400, 0.975]], [[200, 0.01], [300, 0.015], [400, 0.975]], [[200, 0.01], [300, 0.015], [400, 0.975]], [[500, 0.01], [750, 0.015], [1000, 0.975]], [[500, 0.01], [750, 0.015], [1000, 0.975]], [[1000, 0.01], [1500, 0.015], [2000, 0.975]]]
C=[[[0.09951, 0.975], [0.14926, 0.015], [0.19902, 0.01]], [[0.00052, 0.975], [0.00078, 0.015], [0.00104, 0.01]], [[0.11852, 0.975], [0.17779, 0.015], [0.23705, 0.01]], [[0.06808, 0.975], [0.10212, 0.015], [0.13616, 0.01]], [[0.13982, 0.975], [0.20973, 0.015], [0.27964, 0.01]], [[4.13726, 0.975], [6.20588, 0.015], [8.27451, 0.01]], [[2.65439, 0.975], [3.98159, 0.015], [5.30879, 0.01]], [[0.03943, 0.975], [0.05914, 0.015], [0.07885, 0.01]], [[5.03341, 0.975], [7.55012, 0.015], [10.06683, 0.01]], [[24.6739, 0.975], [37.01085, 0.015], [49.3478, 0.01]], [[0.77821, 0.975], [1.16731, 0.015], [1.55641, 0.01]], [[14.15035, 0.975], [21.22552, 0.015], [28.30069, 0.01]], [[2.64799, 0.975], [3.97199, 0.015], [5.29599, 0.01]], [[20.55381, 0.975], [30.83072, 0.015], [41.10762, 0.01]], [[38.65681, 0.975], [57.98521, 0.015], [77.31361, 0.01]]]

T=[[[1, 0.01], [2, 0.99]], [[2, 0.01], [3, 0.015], [4, 0.975]], [[2, 0.01], [3, 0.015], [4, 0.975]], [[2, 0.01], [3, 0.015], [4, 0.975]], [[2, 0.01], [3, 0.015], [4, 0.975]], [[5, 0.01], [8, 0.015], [10, 0.975]], [[5, 0.01], [8, 0.015], [10, 0.975]], [[20, 0.01], [30, 0.015], [40, 0.975]], [[200, 0.01], [300, 0.015], [400, 0.975]], [[200, 0.01], [300, 0.015], [400, 0.975]], [[500, 0.01], [750, 0.015], [1000, 0.975]], [[500, 0.01], [750, 0.015], [1000, 0.975]], [[500, 0.01], [750, 0.015], [1000, 0.975]], [[1000, 0.01], [1500, 0.015], [2000, 0.975]], [[1000, 0.01], [1500, 0.015], [2000, 0.975]]]
C=[[[0.03908, 0.975], [0.05862, 0.015], [0.07816, 0.01]], [[0.03125, 0.975], [0.04687, 0.015], [0.0625, 0.01]], [[0.30739, 0.975], [0.46108, 0.015], [0.61477, 0.01]], [[0.03869, 0.975], [0.05804, 0.015], [0.07738, 0.01]], [[0.17001, 0.975], [0.25501, 0.015], [0.34001, 0.01]], [[0.11996, 0.975], [0.17994, 0.015], [0.23992, 0.01]], [[0.19383, 0.975], [0.29075, 0.015], [0.38766, 0.01]], [[0.00665, 0.975], [0.00997, 0.015], [0.01329, 0.01]], [[1.21178, 0.975], [1.81767, 0.015], [2.42356, 0.01]], [[1.776, 0.975], [2.66399, 0.015], [3.55199, 0.01]], [[1.32075, 0.975], [1.98113, 0.015], [2.64151, 0.01]], [[111.37979, 0.975], [167.06968, 0.015], [222.75957, 0.01]], [[8.40852, 0.975], [12.61278, 0.015], [16.81704, 0.01]], [[27.55902, 0.975], [41.33853, 0.015], [55.11804, 0.01]], [[39.44697, 0.975], [59.17045, 0.015], [78.89394, 0.01]]]

T=[[[1, 0.01], [2, 0.99]], [[1, 0.01], [2, 0.99]], [[5, 0.01], [8, 0.015], [10, 0.975]], [[5, 0.01], [8, 0.015], [10, 0.975]], [[10, 0.01], [15, 0.015], [20, 0.975]], [[10, 0.01], [15, 0.015], [20, 0.975]], [[20, 0.01], [30, 0.015], [40, 0.975]], [[20, 0.01], [30, 0.015], [40, 0.975]], [[20, 0.01], [30, 0.015], [40, 0.975]], [[20, 0.01], [30, 0.015], [40, 0.975]], [[100, 0.01], [150, 0.015], [200, 0.975]], [[200, 0.01], [300, 0.015], [400, 0.975]], [[500, 0.01], [750, 0.015], [1000, 0.975]], [[500, 0.01], [750, 0.015], [1000, 0.975]], [[1000, 0.01], [1500, 0.015], [2000, 0.975]]]
C=[[[0.07724, 0.975], [0.11586, 0.015], [0.15448, 0.01]], [[0.04324, 0.975], [0.06487, 0.015], [0.08649, 0.01]], [[0.23443, 0.975], [0.35164, 0.015], [0.46886, 0.01]], [[0.00841, 0.975], [0.01262, 0.015], [0.01683, 0.01]], [[0.06025, 0.975], [0.09038, 0.015], [0.12051, 0.01]], [[0.05469, 0.975], [0.08204, 0.015], [0.10938, 0.01]], [[1.91317, 0.975], [2.86976, 0.015], [3.82635, 0.01]], [[0.86702, 0.975], [1.30053, 0.015], [1.73404, 0.01]], [[2.60452, 0.975], [3.90677, 0.015], [5.20903, 0.01]], [[1.00634, 0.975], [1.50951, 0.015], [2.01269, 0.01]], [[2.02968, 0.975], [3.04452, 0.015], [4.05936, 0.01]], [[9.42011, 0.975], [14.13016, 0.015], [18.84021, 0.01]], [[14.56112, 0.975], [21.84167, 0.015], [29.12223, 0.01]], [[49.09429, 0.975], [73.64144, 0.015], [98.18858, 0.01]], [[5.19164, 0.975], [7.78746, 0.015], [10.38328, 0.01]]]

T=[[[2, 0.01], [3, 0.015], [4, 0.975]], [[10, 0.01], [15, 0.015], [20, 0.975]], [[10, 0.01], [15, 0.015], [20, 0.975]], [[50, 0.01], [75, 0.015], [100, 0.975]], [[50, 0.01], [75, 0.015], [100, 0.975]], [[200, 0.01], [300, 0.015], [400, 0.975]], [[200, 0.01], [300, 0.015], [400, 0.975]], [[200, 0.01], [300, 0.015], [400, 0.975]], [[200, 0.01], [300, 0.015], [400, 0.975]], [[200, 0.01], [300, 0.015], [400, 0.975]], [[200, 0.01], [300, 0.015], [400, 0.975]], [[200, 0.01], [300, 0.015], [400, 0.975]], [[500, 0.01], [750, 0.015], [1000, 0.975]], [[500, 0.01], [750, 0.015], [1000, 0.975]], [[1000, 0.01], [1500, 0.015], [2000, 0.975]]]
C=[[[0.09913, 0.975], [0.14869, 0.015], [0.19825, 0.01]], [[0.50046, 0.975], [0.75069, 0.015], [1.00092, 0.01]], [[0.78273, 0.975], [1.1741, 0.015], [1.56546, 0.01]], [[6.01069, 0.975], [9.01603, 0.015], [12.02137, 0.01]], [[5.65128, 0.975], [8.47691, 0.015], [11.30255, 0.01]], [[17.62866, 0.975], [26.44299, 0.015], [35.25732, 0.01]], [[7.70201, 0.975], [11.55302, 0.015], [15.40403, 0.01]], [[2.72788, 0.975], [4.09182, 0.015], [5.45575, 0.01]], [[2.16361, 0.975], [3.24541, 0.015], [4.32721, 0.01]], [[8.12187, 0.975], [12.18281, 0.015], [16.24375, 0.01]], [[5.18342, 0.975], [7.77513, 0.015], [10.36684, 0.01]], [[6.09459, 0.975], [9.14188, 0.015], [12.18918, 0.01]], [[2.13906, 0.975], [3.20859, 0.015], [4.27811, 0.01]], [[8.24712, 0.975], [12.37067, 0.015], [16.49423, 0.01]], [[19.99643, 0.975], [29.99465, 0.015], [39.99286, 0.01]]]

T=[[[2, 0.01], [3, 0.015], [4, 0.975]], [[5, 0.01], [8, 0.015], [10, 0.975]], [[5, 0.01], [8, 0.015], [10, 0.975]], [[50, 0.01], [75, 0.015], [100, 0.975]], [[100, 0.01], [150, 0.015], [200, 0.975]], [[100, 0.01], [150, 0.015], [200, 0.975]], [[100, 0.01], [150, 0.015], [200, 0.975]], [[100, 0.01], [150, 0.015], [200, 0.975]], [[100, 0.01], [150, 0.015], [200, 0.975]], [[200, 0.01], [300, 0.015], [400, 0.975]], [[200, 0.01], [300, 0.015], [400, 0.975]], [[200, 0.01], [300, 0.015], [400, 0.975]], [[200, 0.01], [300, 0.015], [400, 0.975]], [[500, 0.01], [750, 0.015], [1000, 0.975]], [[1000, 0.01], [1500, 0.015], [2000, 0.975]]]
C=[[[0.05764, 0.975], [0.08645, 0.015], [0.11527, 0.01]], [[0.1222, 0.975], [0.18329, 0.015], [0.24439, 0.01]], [[0.27568, 0.975], [0.41352, 0.015], [0.55136, 0.01]], [[0.83444, 0.975], [1.25166, 0.015], [1.66888, 0.01]], [[17.49818, 0.975], [26.24727, 0.015], [34.99636, 0.01]], [[2.31274, 0.975], [3.46911, 0.015], [4.62549, 0.01]], [[6.02444, 0.975], [9.03665, 0.015], [12.04887, 0.01]], [[0.66275, 0.975], [0.99413, 0.015], [1.32551, 0.01]], [[1.41031, 0.975], [2.11546, 0.015], [2.82061, 0.01]], [[8.50305, 0.975], [12.75458, 0.015], [17.0061, 0.01]], [[8.21649, 0.975], [12.32473, 0.015], [16.43297, 0.01]], [[2.50326, 0.975], [3.75489, 0.015], [5.00652, 0.01]], [[2.66784, 0.975], [4.00176, 0.015], [5.33569, 0.01]], [[44.64341, 0.975], [66.96512, 0.015], [89.28683, 0.01]], [[97.09401, 0.975], [145.64101, 0.015], [194.18802, 0.01]]]

T=[[[1, 0.01], [2, 0.99]], [[1, 0.01], [2, 0.99]], [[2, 0.01], [3, 0.015], [4, 0.975]], [[10, 0.01], [15, 0.015], [20, 0.975]], [[10, 0.01], [15, 0.015], [20, 0.975]], [[10, 0.01], [15, 0.015], [20, 0.975]], [[50, 0.01], [75, 0.015], [100, 0.975]], [[50, 0.01], [75, 0.015], [100, 0.975]], [[200, 0.01], [300, 0.015], [400, 0.975]], [[200, 0.01], [300, 0.015], [400, 0.975]], [[500, 0.01], [750, 0.015], [1000, 0.975]], [[1000, 0.01], [1500, 0.015], [2000, 0.975]], [[1000, 0.01], [1500, 0.015], [2000, 0.975]], [[1000, 0.01], [1500, 0.015], [2000, 0.975]], [[1000, 0.01], [1500, 0.015], [2000, 0.975]]]
C=[[[0.08945, 0.975], [0.13418, 0.015], [0.17891, 0.01]], [[0.0191, 0.975], [0.02864, 0.015], [0.03819, 0.01]], [[0.07907, 0.975], [0.11861, 0.015], [0.15815, 0.01]], [[0.17017, 0.975], [0.25525, 0.015], [0.34034, 0.01]], [[0.52221, 0.975], [0.78332, 0.015], [1.04443, 0.01]], [[0.81568, 0.975], [1.22352, 0.015], [1.63136, 0.01]], [[1.71119, 0.975], [2.56679, 0.015], [3.42238, 0.01]], [[3.96283, 0.975], [5.94424, 0.015], [7.92566, 0.01]], [[0.38048, 0.975], [0.57072, 0.015], [0.76096, 0.01]], [[10.82693, 0.975], [16.2404, 0.015], [21.65386, 0.01]], [[49.19405, 0.975], [73.79108, 0.015], [98.3881, 0.01]], [[58.56905, 0.975], [87.85357, 0.015], [117.13809, 0.01]], [[31.70479, 0.975], [47.55719, 0.015], [63.40958, 0.01]], [[24.79024, 0.975], [37.18537, 0.015], [49.58049, 0.01]], [[18.13928, 0.975], [27.20892, 0.015], [36.27856, 0.01]]]

T=[[[1, 0.01], [2, 0.99]], [[1, 0.01], [2, 0.99]], [[1, 0.01], [2, 0.99]], [[2, 0.01], [3, 0.015], [4, 0.975]], [[5, 0.01], [8, 0.015], [10, 0.975]], [[5, 0.01], [8, 0.015], [10, 0.975]], [[5, 0.01], [8, 0.015], [10, 0.975]], [[10, 0.01], [15, 0.015], [20, 0.975]], [[20, 0.01], [30, 0.015], [40, 0.975]], [[50, 0.01], [75, 0.015], [100, 0.975]], [[100, 0.01], [150, 0.015], [200, 0.975]], [[200, 0.01], [300, 0.015], [400, 0.975]], [[500, 0.01], [750, 0.015], [1000, 0.975]], [[500, 0.01], [750, 0.015], [1000, 0.975]], [[1000, 0.01], [1500, 0.015], [2000, 0.975]]]
C=[[[0.0394, 0.975], [0.0591, 0.015], [0.0788, 0.01]], [[0.11913, 0.975], [0.1787, 0.015], [0.23827, 0.01]], [[0.11746, 0.975], [0.1762, 0.015], [0.23493, 0.01]], [[0.08326, 0.975], [0.1249, 0.015], [0.16653, 0.01]], [[0.2736, 0.975], [0.41039, 0.015], [0.54719, 0.01]], [[0.17487, 0.975], [0.26231, 0.015], [0.34974, 0.01]], [[0.15985, 0.975], [0.23977, 0.015], [0.31969, 0.01]], [[0.24535, 0.975], [0.36803, 0.015], [0.49071, 0.01]], [[1.65599, 0.975], [2.48398, 0.015], [3.31198, 0.01]], [[1.8161, 0.975], [2.72415, 0.015], [3.6322, 0.01]], [[0.55264, 0.975], [0.82896, 0.015], [1.10528, 0.01]], [[12.37496, 0.975], [18.56245, 0.015], [24.74993, 0.01]], [[1.15001, 0.975], [1.72502, 0.015], [2.30002, 0.01]], [[1.57464, 0.975], [2.36197, 0.015], [3.14929, 0.01]], [[44.19937, 0.975], [66.29906, 0.015], [88.39875, 0.01]]]

T=[[[1, 0.01], [2, 0.99]], [[2, 0.01], [3, 0.015], [4, 0.975]], [[2, 0.01], [3, 0.015], [4, 0.975]], [[2, 0.01], [3, 0.015], [4, 0.975]], [[5, 0.01], [8, 0.015], [10, 0.975]], [[5, 0.01], [8, 0.015], [10, 0.975]], [[50, 0.01], [75, 0.015], [100, 0.975]], [[50, 0.01], [75, 0.015], [100, 0.975]], [[50, 0.01], [75, 0.015], [100, 0.975]], [[200, 0.01], [300, 0.015], [400, 0.975]], [[200, 0.01], [300, 0.015], [400, 0.975]], [[200, 0.01], [300, 0.015], [400, 0.975]], [[1000, 0.01], [1500, 0.015], [2000, 0.975]], [[1000, 0.01], [1500, 0.015], [2000, 0.975]], [[1000, 0.01], [1500, 0.015], [2000, 0.975]]]
C=[[[0.02631, 0.975], [0.03947, 0.015], [0.05263, 0.01]], [[0.05077, 0.975], [0.07615, 0.015], [0.10153, 0.01]], [[0.06541, 0.975], [0.09812, 0.015], [0.13083, 0.01]], [[0.13327, 0.975], [0.19991, 0.015], [0.26654, 0.01]], [[0.15697, 0.975], [0.23545, 0.015], [0.31394, 0.01]], [[0.23974, 0.975], [0.35961, 0.015], [0.47948, 0.01]], [[5.9487, 0.975], [8.92305, 0.015], [11.8974, 0.01]], [[0.44726, 0.975], [0.67089, 0.015], [0.89452, 0.01]], [[2.39286, 0.975], [3.58929, 0.015], [4.78572, 0.01]], [[3.56744, 0.975], [5.35116, 0.015], [7.13488, 0.01]], [[3.22003, 0.975], [4.83005, 0.015], [6.44006, 0.01]], [[0.98059, 0.975], [1.47088, 0.015], [1.96118, 0.01]], [[89.90365, 0.975], [134.85548, 0.015], [179.80731, 0.01]], [[135.07791, 0.975], [202.61686, 0.015], [270.15581, 0.01]], [[30.02151, 0.975], [45.03226, 0.015], [60.04302, 0.01]]]

T=[[[1, 0.01], [2, 0.99]], [[1, 0.01], [2, 0.99]], [[10, 0.01], [15, 0.015], [20, 0.975]], [[10, 0.01], [15, 0.015], [20, 0.975]], [[10, 0.01], [15, 0.015], [20, 0.975]], [[20, 0.01], [30, 0.015], [40, 0.975]], [[20, 0.01], [30, 0.015], [40, 0.975]], [[50, 0.01], [75, 0.015], [100, 0.975]], [[50, 0.01], [75, 0.015], [100, 0.975]], [[100, 0.01], [150, 0.015], [200, 0.975]], [[100, 0.01], [150, 0.015], [200, 0.975]], [[200, 0.01], [300, 0.015], [400, 0.975]], [[500, 0.01], [750, 0.015], [1000, 0.975]], [[1000, 0.01], [1500, 0.015], [2000, 0.975]], [[1000, 0.01], [1500, 0.015], [2000, 0.975]]]
C=[[[0.03159, 0.975], [0.04739, 0.015], [0.06318, 0.01]], [[0.12721, 0.975], [0.19081, 0.015], [0.25442, 0.01]], [[0.73798, 0.975], [1.10698, 0.015], [1.47597, 0.01]], [[0.11373, 0.975], [0.1706, 0.015], [0.22746, 0.01]], [[0.44335, 0.975], [0.66502, 0.015], [0.88669, 0.01]], [[0.89106, 0.975], [1.33658, 0.015], [1.78211, 0.01]], [[0.30305, 0.975], [0.45457, 0.015], [0.6061, 0.01]], [[3.41304, 0.975], [5.11956, 0.015], [6.82608, 0.01]], [[0.41094, 0.975], [0.61641, 0.015], [0.82188, 0.01]], [[1.21197, 0.975], [1.81795, 0.015], [2.42393, 0.01]], [[7.19888, 0.975], [10.79832, 0.015], [14.39776, 0.01]], [[3.1668, 0.975], [4.75019, 0.015], [6.33359, 0.01]], [[23.04195, 0.975], [34.56293, 0.015], [46.08391, 0.01]], [[48.73271, 0.975], [73.09906, 0.015], [97.46541, 0.01]], [[80.75116, 0.975], [121.12674, 0.015], [161.50232, 0.01]]]

T=[[[1, 0.01], [2, 0.99]], [[1, 0.01], [2, 0.99]], [[1, 0.01], [2, 0.99]], [[1, 0.01], [2, 0.99]], [[2, 0.01], [3, 0.015], [4, 0.975]], [[5, 0.01], [8, 0.015], [10, 0.975]], [[20, 0.01], [30, 0.015], [40, 0.975]], [[20, 0.01], [30, 0.015], [40, 0.975]], [[20, 0.01], [30, 0.015], [40, 0.975]], [[100, 0.01], [150, 0.015], [200, 0.975]], [[100, 0.01], [150, 0.015], [200, 0.975]], [[200, 0.01], [300, 0.015], [400, 0.975]], [[500, 0.01], [750, 0.015], [1000, 0.975]], [[1000, 0.01], [1500, 0.015], [2000, 0.975]], [[1000, 0.01], [1500, 0.015], [2000, 0.975]]]
C=[[[0.06312, 0.975], [0.09468, 0.015], [0.12624, 0.01]], [[0.05405, 0.975], [0.08107, 0.015], [0.10809, 0.01]], [[0.01163, 0.975], [0.01744, 0.015], [0.02326, 0.01]], [[0.04192, 0.975], [0.06288, 0.015], [0.08384, 0.01]], [[0.03037, 0.975], [0.04555, 0.015], [0.06073, 0.01]], [[0.04213, 0.975], [0.06319, 0.015], [0.08426, 0.01]], [[0.52873, 0.975], [0.79309, 0.015], [1.05745, 0.01]], [[3.04069, 0.975], [4.56104, 0.015], [6.08138, 0.01]], [[0.35856, 0.975], [0.53783, 0.015], [0.71711, 0.01]], [[1.23066, 0.975], [1.846, 0.015], [2.46133, 0.01]], [[4.86572, 0.975], [7.29858, 0.015], [9.73144, 0.01]], [[2.00802, 0.975], [3.01204, 0.015], [4.01605, 0.01]], [[1.12607, 0.975], [1.68911, 0.015], [2.25214, 0.01]], [[14.84618, 0.975], [22.26927, 0.015], [29.69236, 0.01]], [[221.17084, 0.975], [331.75626, 0.015], [442.34168, 0.01]]]

T=[[[1, 0.01], [2, 0.99]], [[1, 0.01], [2, 0.99]], [[2, 0.01], [3, 0.015], [4, 0.975]], [[10, 0.01], [15, 0.015], [20, 0.975]], [[20, 0.01], [30, 0.015], [40, 0.975]], [[100, 0.01], [150, 0.015], [200, 0.975]], [[200, 0.01], [300, 0.015], [400, 0.975]], [[200, 0.01], [300, 0.015], [400, 0.975]], [[200, 0.01], [300, 0.015], [400, 0.975]], [[500, 0.01], [750, 0.015], [1000, 0.975]], [[500, 0.01], [750, 0.015], [1000, 0.975]], [[500, 0.01], [750, 0.015], [1000, 0.975]], [[1000, 0.01], [1500, 0.015], [2000, 0.975]], [[1000, 0.01], [1500, 0.015], [2000, 0.975]], [[1000, 0.01], [1500, 0.015], [2000, 0.975]]]
C=[[[0.01084, 0.975], [0.01626, 0.015], [0.02168, 0.01]], [[0.10416, 0.975], [0.15624, 0.015], [0.20832, 0.01]], [[0.02947, 0.975], [0.04421, 0.015], [0.05894, 0.01]], [[0.06039, 0.975], [0.09058, 0.015], [0.12077, 0.01]], [[0.97735, 0.975], [1.46603, 0.015], [1.9547, 0.01]], [[0.97457, 0.975], [1.46185, 0.015], [1.94913, 0.01]], [[6.63952, 0.975], [9.95928, 0.015], [13.27904, 0.01]], [[34.79531, 0.975], [52.19297, 0.015], [69.59063, 0.01]], [[3.19995, 0.975], [4.79992, 0.015], [6.3999, 0.01]], [[34.14366, 0.975], [51.21549, 0.015], [68.28732, 0.01]], [[9.27809, 0.975], [13.91713, 0.015], [18.55617, 0.01]], [[12.68813, 0.975], [19.03219, 0.015], [25.37626, 0.01]], [[2.67583, 0.975], [4.01375, 0.015], [5.35166, 0.01]], [[13.74546, 0.975], [20.61819, 0.015], [27.49092, 0.01]], [[153.79759, 0.975], [230.69639, 0.015], [307.59518, 0.01]]]

T=[[[1, 0.01], [2, 0.99]], [[1, 0.01], [2, 0.99]], [[5, 0.01], [8, 0.015], [10, 0.975]], [[10, 0.01], [15, 0.015], [20, 0.975]], [[20, 0.01], [30, 0.015], [40, 0.975]], [[20, 0.01], [30, 0.015], [40, 0.975]], [[50, 0.01], [75, 0.015], [100, 0.975]], [[100, 0.01], [150, 0.015], [200, 0.975]], [[100, 0.01], [150, 0.015], [200, 0.975]], [[200, 0.01], [300, 0.015], [400, 0.975]], [[500, 0.01], [750, 0.015], [1000, 0.975]], [[500, 0.01], [750, 0.015], [1000, 0.975]], [[500, 0.01], [750, 0.015], [1000, 0.975]], [[1000, 0.01], [1500, 0.015], [2000, 0.975]], [[1000, 0.01], [1500, 0.015], [2000, 0.975]]]
C=[[[0.00636, 0.975], [0.00955, 0.015], [0.01273, 0.01]], [[0.06271, 0.975], [0.09406, 0.015], [0.12542, 0.01]], [[0.08151, 0.975], [0.12227, 0.015], [0.16303, 0.01]], [[0.11154, 0.975], [0.16731, 0.015], [0.22308, 0.01]], [[1.72079, 0.975], [2.58118, 0.015], [3.44158, 0.01]], [[0.30656, 0.975], [0.45983, 0.015], [0.61311, 0.01]], [[6.77214, 0.975], [10.15821, 0.015], [13.54427, 0.01]], [[9.43631, 0.975], [14.15446, 0.015], [18.87262, 0.01]], [[0.59643, 0.975], [0.89465, 0.015], [1.19287, 0.01]], [[7.04782, 0.975], [10.57173, 0.015], [14.09564, 0.01]], [[22.65094, 0.975], [33.97641, 0.015], [45.30188, 0.01]], [[35.53776, 0.975], [53.30664, 0.015], [71.07553, 0.01]], [[10.03714, 0.975], [15.05572, 0.015], [20.07429, 0.01]], [[29.25898, 0.975], [43.88847, 0.015], [58.51796, 0.01]], [[65.38259, 0.975], [98.07389, 0.015], [130.76519, 0.01]]]

T=[[[1, 0.01], [2, 0.99]], [[1, 0.01], [2, 0.99]], [[2, 0.01], [3, 0.015], [4, 0.975]], [[5, 0.01], [8, 0.015], [10, 0.975]], [[5, 0.01], [8, 0.015], [10, 0.975]], [[10, 0.01], [15, 0.015], [20, 0.975]], [[20, 0.01], [30, 0.015], [40, 0.975]], [[20, 0.01], [30, 0.015], [40, 0.975]], [[100, 0.01], [150, 0.015], [200, 0.975]], [[200, 0.01], [300, 0.015], [400, 0.975]], [[200, 0.01], [300, 0.015], [400, 0.975]], [[500, 0.01], [750, 0.015], [1000, 0.975]], [[500, 0.01], [750, 0.015], [1000, 0.975]], [[500, 0.01], [750, 0.015], [1000, 0.975]], [[1000, 0.01], [1500, 0.015], [2000, 0.975]]]
C=[[[0.0797, 0.975], [0.11955, 0.015], [0.1594, 0.01]], [[0.04204, 0.975], [0.06306, 0.015], [0.08408, 0.01]], [[0.00841, 0.975], [0.01262, 0.015], [0.01682, 0.01]], [[0.06411, 0.975], [0.09617, 0.015], [0.12823, 0.01]], [[0.02297, 0.975], [0.03445, 0.015], [0.04593, 0.01]], [[0.29644, 0.975], [0.44466, 0.015], [0.59288, 0.01]], [[0.78796, 0.975], [1.18194, 0.015], [1.57592, 0.01]], [[0.52393, 0.975], [0.7859, 0.015], [1.04786, 0.01]], [[5.05826, 0.975], [7.58738, 0.015], [10.11651, 0.01]], [[35.83804, 0.975], [53.75705, 0.015], [71.67607, 0.01]], [[13.30123, 0.975], [19.95184, 0.015], [26.60245, 0.01]], [[16.27738, 0.975], [24.41607, 0.015], [32.55477, 0.01]], [[14.9522, 0.975], [22.4283, 0.015], [29.9044, 0.01]], [[16.24316, 0.975], [24.36474, 0.015], [32.48631, 0.01]], [[70.17865, 0.975], [105.26797, 0.015], [140.3573, 0.01]]]

T=[[[1, 0.01], [2, 0.99]], [[1, 0.01], [2, 0.99]], [[1, 0.01], [2, 0.99]], [[5, 0.01], [8, 0.015], [10, 0.975]], [[5, 0.01], [8, 0.015], [10, 0.975]], [[10, 0.01], [15, 0.015], [20, 0.975]], [[20, 0.01], [30, 0.015], [40, 0.975]], [[100, 0.01], [150, 0.015], [200, 0.975]], [[100, 0.01], [150, 0.015], [200, 0.975]], [[100, 0.01], [150, 0.015], [200, 0.975]], [[200, 0.01], [300, 0.015], [400, 0.975]], [[500, 0.01], [750, 0.015], [1000, 0.975]], [[1000, 0.01], [1500, 0.015], [2000, 0.975]], [[1000, 0.01], [1500, 0.015], [2000, 0.975]], [[1000, 0.01], [1500, 0.015], [2000, 0.975]]]
C=[[[0.14183, 0.975], [0.21275, 0.015], [0.28366, 0.01]], [[0.01252, 0.975], [0.01879, 0.015], [0.02505, 0.01]], [[0.10207, 0.975], [0.1531, 0.015], [0.20413, 0.01]], [[0.05424, 0.975], [0.08136, 0.015], [0.10849, 0.01]], [[0.05497, 0.975], [0.08245, 0.015], [0.10993, 0.01]], [[0.40178, 0.975], [0.60267, 0.015], [0.80356, 0.01]], [[1.69982, 0.975], [2.54973, 0.015], [3.39964, 0.01]], [[5.77182, 0.975], [8.65774, 0.015], [11.54365, 0.01]], [[6.42842, 0.975], [9.64264, 0.015], [12.85685, 0.01]], [[4.03635, 0.975], [6.05453, 0.015], [8.0727, 0.01]], [[6.31577, 0.975], [9.47366, 0.015], [12.63155, 0.01]], [[26.15583, 0.975], [39.23374, 0.015], [52.31166, 0.01]], [[17.08278, 0.975], [25.62417, 0.015], [34.16556, 0.01]], [[17.82148, 0.975], [26.73222, 0.015], [35.64295, 0.01]], [[15.40398, 0.975], [23.10598, 0.015], [30.80797, 0.01]]]

T=[[[1, 0.01], [2, 0.99]], [[1, 0.01], [2, 0.99]], [[1, 0.01], [2, 0.99]], [[2, 0.01], [3, 0.015], [4, 0.975]], [[5, 0.01], [8, 0.015], [10, 0.975]], [[20, 0.01], [30, 0.015], [40, 0.975]], [[20, 0.01], [30, 0.015], [40, 0.975]], [[50, 0.01], [75, 0.015], [100, 0.975]], [[50, 0.01], [75, 0.015], [100, 0.975]], [[50, 0.01], [75, 0.015], [100, 0.975]], [[100, 0.01], [150, 0.015], [200, 0.975]], [[100, 0.01], [150, 0.015], [200, 0.975]], [[200, 0.01], [300, 0.015], [400, 0.975]], [[500, 0.01], [750, 0.015], [1000, 0.975]], [[1000, 0.01], [1500, 0.015], [2000, 0.975]]]
C=[[[0.0449, 0.975], [0.06736, 0.015], [0.08981, 0.01]], [[0.04484, 0.975], [0.06726, 0.015], [0.08968, 0.01]], [[0.01746, 0.975], [0.02619, 0.015], [0.03492, 0.01]], [[0.10983, 0.975], [0.16474, 0.015], [0.21965, 0.01]], [[0.30026, 0.975], [0.45039, 0.015], [0.60052, 0.01]], [[1.43281, 0.975], [2.14922, 0.015], [2.86562, 0.01]], [[0.38196, 0.975], [0.57293, 0.015], [0.76391, 0.01]], [[3.14415, 0.975], [4.71623, 0.015], [6.28831, 0.01]], [[0.4252, 0.975], [0.6378, 0.015], [0.8504, 0.01]], [[2.62825, 0.975], [3.94237, 0.015], [5.2565, 0.01]], [[0.50746, 0.975], [0.76119, 0.015], [1.01492, 0.01]], [[1.34842, 0.975], [2.02262, 0.015], [2.69683, 0.01]], [[35.05683, 0.975], [52.58524, 0.015], [70.11365, 0.01]], [[3.86154, 0.975], [5.79231, 0.015], [7.72307, 0.01]], [[61.57339, 0.975], [92.36008, 0.015], [123.14678, 0.01]]]

T=[[[1, 0.01], [2, 0.99]], [[5, 0.01], [8, 0.015], [10, 0.975]], [[10, 0.01], [15, 0.015], [20, 0.975]], [[10, 0.01], [15, 0.015], [20, 0.975]], [[20, 0.01], [30, 0.015], [40, 0.975]], [[50, 0.01], [75, 0.015], [100, 0.975]], [[50, 0.01], [75, 0.015], [100, 0.975]], [[100, 0.01], [150, 0.015], [200, 0.975]], [[200, 0.01], [300, 0.015], [400, 0.975]], [[200, 0.01], [300, 0.015], [400, 0.975]], [[200, 0.01], [300, 0.015], [400, 0.975]], [[500, 0.01], [750, 0.015], [1000, 0.975]], [[1000, 0.01], [1500, 0.015], [2000, 0.975]], [[1000, 0.01], [1500, 0.015], [2000, 0.975]], [[1000, 0.01], [1500, 0.015], [2000, 0.975]]]
C=[[[0.06533, 0.975], [0.098, 0.015], [0.13067, 0.01]], [[0.00416, 0.975], [0.00623, 0.015], [0.00831, 0.01]], [[0.17442, 0.975], [0.26163, 0.015], [0.34884, 0.01]], [[0.19169, 0.975], [0.28753, 0.015], [0.38337, 0.01]], [[6.14831, 0.975], [9.22246, 0.015], [12.29662, 0.01]], [[1.10192, 0.975], [1.65288, 0.015], [2.20384, 0.01]], [[2.48461, 0.975], [3.72691, 0.015], [4.96922, 0.01]], [[7.76848, 0.975], [11.65272, 0.015], [15.53696, 0.01]], [[7.77848, 0.975], [11.66773, 0.015], [15.55697, 0.01]], [[0.76224, 0.975], [1.14336, 0.015], [1.52447, 0.01]], [[1.45967, 0.975], [2.18951, 0.015], [2.91934, 0.01]], [[1.87419, 0.975], [2.81128, 0.015], [3.74838, 0.01]], [[26.70411, 0.975], [40.05617, 0.015], [53.40823, 0.01]], [[24.82369, 0.975], [37.23554, 0.015], [49.64739, 0.01]], [[35.11607, 0.975], [52.67411, 0.015], [70.23215, 0.01]]]

T=[[[1, 0.01], [2, 0.99]], [[10, 0.01], [15, 0.015], [20, 0.975]], [[10, 0.01], [15, 0.015], [20, 0.975]], [[20, 0.01], [30, 0.015], [40, 0.975]], [[20, 0.01], [30, 0.015], [40, 0.975]], [[20, 0.01], [30, 0.015], [40, 0.975]], [[50, 0.01], [75, 0.015], [100, 0.975]], [[50, 0.01], [75, 0.015], [100, 0.975]], [[50, 0.01], [75, 0.015], [100, 0.975]], [[100, 0.01], [150, 0.015], [200, 0.975]], [[100, 0.01], [150, 0.015], [200, 0.975]], [[200, 0.01], [300, 0.015], [400, 0.975]], [[200, 0.01], [300, 0.015], [400, 0.975]], [[500, 0.01], [750, 0.015], [1000, 0.975]], [[1000, 0.01], [1500, 0.015], [2000, 0.975]]]
C=[[[0.01282, 0.975], [0.01923, 0.015], [0.02564, 0.01]], [[0.27568, 0.975], [0.41352, 0.015], [0.55136, 0.01]], [[0.06536, 0.975], [0.09804, 0.015], [0.13072, 0.01]], [[0.69146, 0.975], [1.03719, 0.015], [1.38292, 0.01]], [[0.104, 0.975], [0.156, 0.015], [0.208, 0.01]], [[2.29785, 0.975], [3.44677, 0.015], [4.59569, 0.01]], [[2.83767, 0.975], [4.25651, 0.015], [5.67535, 0.01]], [[0.49192, 0.975], [0.73788, 0.015], [0.98384, 0.01]], [[1.8936, 0.975], [2.8404, 0.015], [3.7872, 0.01]], [[8.40102, 0.975], [12.60154, 0.015], [16.80205, 0.01]], [[0.52891, 0.975], [0.79337, 0.015], [1.05783, 0.01]], [[43.31825, 0.975], [64.97738, 0.015], [86.63651, 0.01]], [[5.43248, 0.975], [8.14872, 0.015], [10.86496, 0.01]], [[10.45013, 0.975], [15.6752, 0.015], [20.90026, 0.01]], [[39.99498, 0.975], [59.99247, 0.015], [79.98996, 0.01]]]

T=[[[1, 0.01], [2, 0.99]], [[1, 0.01], [2, 0.99]], [[1, 0.01], [2, 0.99]], [[2, 0.01], [3, 0.015], [4, 0.975]], [[2, 0.01], [3, 0.015], [4, 0.975]], [[5, 0.01], [8, 0.015], [10, 0.975]], [[5, 0.01], [8, 0.015], [10, 0.975]], [[20, 0.01], [30, 0.015], [40, 0.975]], [[20, 0.01], [30, 0.015], [40, 0.975]], [[20, 0.01], [30, 0.015], [40, 0.975]], [[50, 0.01], [75, 0.015], [100, 0.975]], [[100, 0.01], [150, 0.015], [200, 0.975]], [[200, 0.01], [300, 0.015], [400, 0.975]], [[200, 0.01], [300, 0.015], [400, 0.975]], [[1000, 0.01], [1500, 0.015], [2000, 0.975]]]
C=[[[0.08643, 0.975], [0.12964, 0.015], [0.17286, 0.01]], [[0.00742, 0.975], [0.01112, 0.015], [0.01483, 0.01]], [[0.19673, 0.975], [0.29509, 0.015], [0.39345, 0.01]], [[0.05249, 0.975], [0.07874, 0.015], [0.10498, 0.01]], [[0.0006, 0.975], [0.00091, 0.015], [0.00121, 0.01]], [[0.04466, 0.975], [0.06699, 0.015], [0.08932, 0.01]], [[0.14289, 0.975], [0.21433, 0.015], [0.28577, 0.01]], [[0.31322, 0.975], [0.46983, 0.015], [0.62644, 0.01]], [[1.67629, 0.975], [2.51443, 0.015], [3.35257, 0.01]], [[0.45778, 0.975], [0.68667, 0.015], [0.91555, 0.01]], [[0.1104, 0.975], [0.16561, 0.015], [0.22081, 0.01]], [[9.65279, 0.975], [14.47919, 0.015], [19.30559, 0.01]], [[14.61624, 0.975], [21.92435, 0.015], [29.23247, 0.01]], [[8.21695, 0.975], [12.32542, 0.015], [16.43389, 0.01]], [[10.10871, 0.975], [15.16307, 0.015], [20.21743, 0.01]]]

T=[[[1, 0.01], [2, 0.99]], [[2, 0.01], [3, 0.015], [4, 0.975]], [[5, 0.01], [8, 0.015], [10, 0.975]], [[5, 0.01], [8, 0.015], [10, 0.975]], [[10, 0.01], [15, 0.015], [20, 0.975]], [[10, 0.01], [15, 0.015], [20, 0.975]], [[20, 0.01], [30, 0.015], [40, 0.975]], [[20, 0.01], [30, 0.015], [40, 0.975]], [[20, 0.01], [30, 0.015], [40, 0.975]], [[50, 0.01], [75, 0.015], [100, 0.975]], [[200, 0.01], [300, 0.015], [400, 0.975]], [[500, 0.01], [750, 0.015], [1000, 0.975]], [[1000, 0.01], [1500, 0.015], [2000, 0.975]], [[1000, 0.01], [1500, 0.015], [2000, 0.975]], [[1000, 0.01], [1500, 0.015], [2000, 0.975]]]
C=[[[0.00842, 0.975], [0.01263, 0.015], [0.01684, 0.01]], [[0.14007, 0.975], [0.21011, 0.015], [0.28014, 0.01]], [[0.12352, 0.975], [0.18528, 0.015], [0.24704, 0.01]], [[0.06953, 0.975], [0.1043, 0.015], [0.13907, 0.01]], [[0.67474, 0.975], [1.01211, 0.015], [1.34948, 0.01]], [[0.08824, 0.975], [0.13236, 0.015], [0.17648, 0.01]], [[1.41948, 0.975], [2.12922, 0.015], [2.83896, 0.01]], [[0.13554, 0.975], [0.20331, 0.015], [0.27108, 0.01]], [[0.37655, 0.975], [0.56483, 0.015], [0.7531, 0.01]], [[6.26842, 0.975], [9.40263, 0.015], [12.53684, 0.01]], [[14.98032, 0.975], [22.47047, 0.015], [29.96063, 0.01]], [[26.25613, 0.975], [39.38419, 0.015], [52.51225, 0.01]], [[37.75548, 0.975], [56.63321, 0.015], [75.51095, 0.01]], [[60.99013, 0.975], [91.4852, 0.015], [121.98027, 0.01]], [[58.52634, 0.975], [87.78952, 0.015], [117.05269, 0.01]]]

T=[[[1, 0.01], [2, 0.99]], [[2, 0.01], [3, 0.015], [4, 0.975]], [[2, 0.01], [3, 0.015], [4, 0.975]], [[5, 0.01], [8, 0.015], [10, 0.975]], [[10, 0.01], [15, 0.015], [20, 0.975]], [[20, 0.01], [30, 0.015], [40, 0.975]], [[50, 0.01], [75, 0.015], [100, 0.975]], [[50, 0.01], [75, 0.015], [100, 0.975]], [[100, 0.01], [150, 0.015], [200, 0.975]], [[200, 0.01], [300, 0.015], [400, 0.975]], [[500, 0.01], [750, 0.015], [1000, 0.975]], [[1000, 0.01], [1500, 0.015], [2000, 0.975]], [[1000, 0.01], [1500, 0.015], [2000, 0.975]], [[1000, 0.01], [1500, 0.015], [2000, 0.975]], [[1000, 0.01], [1500, 0.015], [2000, 0.975]]]
C=[[[0.01762, 0.975], [0.02643, 0.015], [0.03524, 0.01]], [[0.07354, 0.975], [0.1103, 0.015], [0.14707, 0.01]], [[0.45534, 0.975], [0.68301, 0.015], [0.91068, 0.01]], [[0.07357, 0.975], [0.11035, 0.015], [0.14713, 0.01]], [[0.44994, 0.975], [0.67491, 0.015], [0.89988, 0.01]], [[0.26347, 0.975], [0.3952, 0.015], [0.52693, 0.01]], [[6.76109, 0.975], [10.14163, 0.015], [13.52217, 0.01]], [[3.41411, 0.975], [5.12117, 0.015], [6.82822, 0.01]], [[4.29419, 0.975], [6.44128, 0.015], [8.58837, 0.01]], [[4.29849, 0.975], [6.44773, 0.015], [8.59698, 0.01]], [[11.52973, 0.975], [17.29459, 0.015], [23.05946, 0.01]], [[17.74095, 0.975], [26.61143, 0.015], [35.48191, 0.01]], [[0.71186, 0.975], [1.06778, 0.015], [1.42371, 0.01]], [[8.09719, 0.975], [12.14579, 0.015], [16.19438, 0.01]], [[27.51544, 0.975], [41.27316, 0.015], [55.03089, 0.01]]]

T=[[[2, 0.01], [3, 0.015], [4, 0.975]], [[2, 0.01], [3, 0.015], [4, 0.975]], [[5, 0.01], [8, 0.015], [10, 0.975]], [[5, 0.01], [8, 0.015], [10, 0.975]], [[10, 0.01], [15, 0.015], [20, 0.975]], [[10, 0.01], [15, 0.015], [20, 0.975]], [[10, 0.01], [15, 0.015], [20, 0.975]], [[10, 0.01], [15, 0.015], [20, 0.975]], [[20, 0.01], [30, 0.015], [40, 0.975]], [[50, 0.01], [75, 0.015], [100, 0.975]], [[200, 0.01], [300, 0.015], [400, 0.975]], [[200, 0.01], [300, 0.015], [400, 0.975]], [[500, 0.01], [750, 0.015], [1000, 0.975]], [[500, 0.01], [750, 0.015], [1000, 0.975]], [[1000, 0.01], [1500, 0.015], [2000, 0.975]]]
C=[[[0.10466, 0.975], [0.15699, 0.015], [0.20933, 0.01]], [[0.33462, 0.975], [0.50193, 0.015], [0.66925, 0.01]], [[0.20909, 0.975], [0.31363, 0.015], [0.41817, 0.01]], [[0.04516, 0.975], [0.06775, 0.015], [0.09033, 0.01]], [[0.07351, 0.975], [0.11027, 0.015], [0.14702, 0.01]], [[0.61823, 0.975], [0.92734, 0.015], [1.23645, 0.01]], [[0.7904, 0.975], [1.1856, 0.015], [1.5808, 0.01]], [[0.74873, 0.975], [1.12309, 0.015], [1.49746, 0.01]], [[0.28634, 0.975], [0.42951, 0.015], [0.57268, 0.01]], [[2.03249, 0.975], [3.04874, 0.015], [4.06499, 0.01]], [[0.76537, 0.975], [1.14806, 0.015], [1.53075, 0.01]], [[9.6016, 0.975], [14.4024, 0.015], [19.2032, 0.01]], [[16.39654, 0.975], [24.59481, 0.015], [32.79308, 0.01]], [[15.13729, 0.975], [22.70594, 0.015], [30.27458, 0.01]], [[36.55109, 0.975], [54.82664, 0.015], [73.10219, 0.01]]]

T=[[[1, 0.01], [2, 0.99]], [[1, 0.01], [2, 0.99]], [[1, 0.01], [2, 0.99]], [[1, 0.01], [2, 0.99]], [[1, 0.01], [2, 0.99]], [[2, 0.01], [3, 0.015], [4, 0.975]], [[5, 0.01], [8, 0.015], [10, 0.975]], [[5, 0.01], [8, 0.015], [10, 0.975]], [[10, 0.01], [15, 0.015], [20, 0.975]], [[10, 0.01], [15, 0.015], [20, 0.975]], [[20, 0.01], [30, 0.015], [40, 0.975]], [[20, 0.01], [30, 0.015], [40, 0.975]], [[100, 0.01], [150, 0.015], [200, 0.975]], [[200, 0.01], [300, 0.015], [400, 0.975]], [[1000, 0.01], [1500, 0.015], [2000, 0.975]]]
C=[[[0.0755, 0.975], [0.11325, 0.015], [0.151, 0.01]], [[0.03156, 0.975], [0.04734, 0.015], [0.06313, 0.01]], [[0.03816, 0.975], [0.05724, 0.015], [0.07632, 0.01]], [[0.03314, 0.975], [0.04972, 0.015], [0.06629, 0.01]], [[0.01848, 0.975], [0.02772, 0.015], [0.03696, 0.01]], [[0.0309, 0.975], [0.04635, 0.015], [0.06179, 0.01]], [[0.40747, 0.975], [0.6112, 0.015], [0.81494, 0.01]], [[0.07833, 0.975], [0.11749, 0.015], [0.15665, 0.01]], [[0.20917, 0.975], [0.31376, 0.015], [0.41835, 0.01]], [[0.12801, 0.975], [0.19201, 0.015], [0.25602, 0.01]], [[0.14633, 0.975], [0.21949, 0.015], [0.29265, 0.01]], [[1.14103, 0.975], [1.71155, 0.015], [2.28207, 0.01]], [[6.72428, 0.975], [10.08643, 0.015], [13.44857, 0.01]], [[30.12616, 0.975], [45.18924, 0.015], [60.25232, 0.01]], [[74.58322, 0.975], [111.87483, 0.015], [149.16644, 0.01]]]

T=[[[1, 0.01], [2, 0.99]], [[2, 0.01], [3, 0.015], [4, 0.975]], [[5, 0.01], [8, 0.015], [10, 0.975]], [[10, 0.01], [15, 0.015], [20, 0.975]], [[20, 0.01], [30, 0.015], [40, 0.975]], [[20, 0.01], [30, 0.015], [40, 0.975]], [[20, 0.01], [30, 0.015], [40, 0.975]], [[50, 0.01], [75, 0.015], [100, 0.975]], [[100, 0.01], [150, 0.015], [200, 0.975]], [[100, 0.01], [150, 0.015], [200, 0.975]], [[500, 0.01], [750, 0.015], [1000, 0.975]], [[500, 0.01], [750, 0.015], [1000, 0.975]], [[1000, 0.01], [1500, 0.015], [2000, 0.975]], [[1000, 0.01], [1500, 0.015], [2000, 0.975]], [[1000, 0.01], [1500, 0.015], [2000, 0.975]]]
C=[[[0.08471, 0.975], [0.12706, 0.015], [0.16942, 0.01]], [[0.12247, 0.975], [0.1837, 0.015], [0.24494, 0.01]], [[0.36932, 0.975], [0.55397, 0.015], [0.73863, 0.01]], [[1.43826, 0.975], [2.15739, 0.015], [2.87652, 0.01]], [[0.4098, 0.975], [0.6147, 0.015], [0.8196, 0.01]], [[0.24204, 0.975], [0.36306, 0.015], [0.48408, 0.01]], [[0.24904, 0.975], [0.37356, 0.015], [0.49808, 0.01]], [[2.13905, 0.975], [3.20857, 0.015], [4.27809, 0.01]], [[8.64195, 0.975], [12.96292, 0.015], [17.2839, 0.01]], [[0.33581, 0.975], [0.50372, 0.015], [0.67163, 0.01]], [[10.75956, 0.975], [16.13934, 0.015], [21.51912, 0.01]], [[17.64093, 0.975], [26.4614, 0.015], [35.28187, 0.01]], [[9.11859, 0.975], [13.67788, 0.015], [18.23718, 0.01]], [[41.13928, 0.975], [61.70892, 0.015], [82.27856, 0.01]], [[51.70735, 0.975], [77.56103, 0.015], [103.41471, 0.01]]]

T=[[[1, 0.01], [2, 0.99]], [[1, 0.01], [2, 0.99]], [[2, 0.01], [3, 0.015], [4, 0.975]], [[2, 0.01], [3, 0.015], [4, 0.975]], [[5, 0.01], [8, 0.015], [10, 0.975]], [[5, 0.01], [8, 0.015], [10, 0.975]], [[10, 0.01], [15, 0.015], [20, 0.975]], [[10, 0.01], [15, 0.015], [20, 0.975]], [[20, 0.01], [30, 0.015], [40, 0.975]], [[20, 0.01], [30, 0.015], [40, 0.975]], [[50, 0.01], [75, 0.015], [100, 0.975]], [[50, 0.01], [75, 0.015], [100, 0.975]], [[100, 0.01], [150, 0.015], [200, 0.975]], [[100, 0.01], [150, 0.015], [200, 0.975]], [[1000, 0.01], [1500, 0.015], [2000, 0.975]]]
C=[[[0.02808, 0.975], [0.04212, 0.015], [0.05616, 0.01]], [[0.02241, 0.975], [0.03361, 0.015], [0.04482, 0.01]], [[0.3685, 0.975], [0.55275, 0.015], [0.737, 0.01]], [[0.00683, 0.975], [0.01025, 0.015], [0.01366, 0.01]], [[0.19715, 0.975], [0.29572, 0.015], [0.3943, 0.01]], [[0.05636, 0.975], [0.08455, 0.015], [0.11273, 0.01]], [[0.06883, 0.975], [0.10325, 0.015], [0.13767, 0.01]], [[1.08489, 0.975], [1.62733, 0.015], [2.16978, 0.01]], [[0.67583, 0.975], [1.01375, 0.015], [1.35166, 0.01]], [[1.25577, 0.975], [1.88366, 0.015], [2.51154, 0.01]], [[2.94235, 0.975], [4.41352, 0.015], [5.88469, 0.01]], [[0.19174, 0.975], [0.28761, 0.015], [0.38348, 0.01]], [[6.14551, 0.975], [9.21827, 0.015], [12.29103, 0.01]], [[1.77996, 0.975], [2.66994, 0.015], [3.55992, 0.01]], [[57.2561, 0.975], [85.88415, 0.015], [114.5122, 0.01]]]

T=[[[1, 0.01], [2, 0.99]], [[2, 0.01], [3, 0.015], [4, 0.975]], [[2, 0.01], [3, 0.015], [4, 0.975]], [[5, 0.01], [8, 0.015], [10, 0.975]], [[5, 0.01], [8, 0.015], [10, 0.975]], [[10, 0.01], [15, 0.015], [20, 0.975]], [[10, 0.01], [15, 0.015], [20, 0.975]], [[10, 0.01], [15, 0.015], [20, 0.975]], [[10, 0.01], [15, 0.015], [20, 0.975]], [[20, 0.01], [30, 0.015], [40, 0.975]], [[50, 0.01], [75, 0.015], [100, 0.975]], [[50, 0.01], [75, 0.015], [100, 0.975]], [[100, 0.01], [150, 0.015], [200, 0.975]], [[500, 0.01], [750, 0.015], [1000, 0.975]], [[1000, 0.01], [1500, 0.015], [2000, 0.975]]]
C=[[[0.0097, 0.975], [0.01454, 0.015], [0.01939, 0.01]], [[0.07187, 0.975], [0.10781, 0.015], [0.14375, 0.01]], [[0.09459, 0.975], [0.14188, 0.015], [0.18917, 0.01]], [[0.01356, 0.975], [0.02034, 0.015], [0.02712, 0.01]], [[0.19256, 0.975], [0.28884, 0.015], [0.38512, 0.01]], [[0.04159, 0.975], [0.06239, 0.015], [0.08319, 0.01]], [[0.35007, 0.975], [0.5251, 0.015], [0.70013, 0.01]], [[1.01273, 0.975], [1.51909, 0.015], [2.02545, 0.01]], [[0.183, 0.975], [0.27449, 0.015], [0.36599, 0.01]], [[1.89586, 0.975], [2.84379, 0.015], [3.79173, 0.01]], [[5.87371, 0.975], [8.81057, 0.015], [11.74742, 0.01]], [[1.85022, 0.975], [2.77533, 0.015], [3.70044, 0.01]], [[10.91495, 0.975], [16.37242, 0.015], [21.82989, 0.01]], [[14.02402, 0.975], [21.03603, 0.015], [28.04804, 0.01]], [[20.64386, 0.975], [30.96579, 0.015], [41.28772, 0.01]]]

T=[[[2, 0.01], [3, 0.015], [4, 0.975]], [[2, 0.01], [3, 0.015], [4, 0.975]], [[2, 0.01], [3, 0.015], [4, 0.975]], [[10, 0.01], [15, 0.015], [20, 0.975]], [[10, 0.01], [15, 0.015], [20, 0.975]], [[10, 0.01], [15, 0.015], [20, 0.975]], [[20, 0.01], [30, 0.015], [40, 0.975]], [[50, 0.01], [75, 0.015], [100, 0.975]], [[100, 0.01], [150, 0.015], [200, 0.975]], [[100, 0.01], [150, 0.015], [200, 0.975]], [[200, 0.01], [300, 0.015], [400, 0.975]], [[500, 0.01], [750, 0.015], [1000, 0.975]], [[500, 0.01], [750, 0.015], [1000, 0.975]], [[1000, 0.01], [1500, 0.015], [2000, 0.975]], [[1000, 0.01], [1500, 0.015], [2000, 0.975]]]
C=[[[0.16273, 0.975], [0.24409, 0.015], [0.32546, 0.01]], [[0.17413, 0.975], [0.26119, 0.015], [0.34825, 0.01]], [[0.09622, 0.975], [0.14433, 0.015], [0.19244, 0.01]], [[0.32878, 0.975], [0.49316, 0.015], [0.65755, 0.01]], [[0.52032, 0.975], [0.78047, 0.015], [1.04063, 0.01]], [[0.07027, 0.975], [0.10541, 0.015], [0.14054, 0.01]], [[0.29266, 0.975], [0.43899, 0.015], [0.58532, 0.01]], [[2.55655, 0.975], [3.83482, 0.015], [5.11309, 0.01]], [[0.05335, 0.975], [0.08002, 0.015], [0.10669, 0.01]], [[4.71321, 0.975], [7.06981, 0.015], [9.42642, 0.01]], [[10.81916, 0.975], [16.22875, 0.015], [21.63833, 0.01]], [[2.21459, 0.975], [3.32188, 0.015], [4.42917, 0.01]], [[30.54507, 0.975], [45.81761, 0.015], [61.09015, 0.01]], [[3.73746, 0.975], [5.60619, 0.015], [7.47491, 0.01]], [[154.74384, 0.975], [232.11576, 0.015], [309.48767, 0.01]]]

T=[[[1, 0.01], [2, 0.99]], [[1, 0.01], [2, 0.99]], [[2, 0.01], [3, 0.015], [4, 0.975]], [[2, 0.01], [3, 0.015], [4, 0.975]], [[2, 0.01], [3, 0.015], [4, 0.975]], [[5, 0.01], [8, 0.015], [10, 0.975]], [[5, 0.01], [8, 0.015], [10, 0.975]], [[10, 0.01], [15, 0.015], [20, 0.975]], [[10, 0.01], [15, 0.015], [20, 0.975]], [[50, 0.01], [75, 0.015], [100, 0.975]], [[50, 0.01], [75, 0.015], [100, 0.975]], [[100, 0.01], [150, 0.015], [200, 0.975]], [[200, 0.01], [300, 0.015], [400, 0.975]], [[1000, 0.01], [1500, 0.015], [2000, 0.975]], [[1000, 0.01], [1500, 0.015], [2000, 0.975]]]
C=[[[0.11495, 0.975], [0.17242, 0.015], [0.22989, 0.01]], [[0.00632, 0.975], [0.00948, 0.015], [0.01264, 0.01]], [[0.07128, 0.975], [0.10692, 0.015], [0.14256, 0.01]], [[0.00674, 0.975], [0.01011, 0.015], [0.01348, 0.01]], [[0.12567, 0.975], [0.18851, 0.015], [0.25135, 0.01]], [[0.61897, 0.975], [0.92845, 0.015], [1.23794, 0.01]], [[0.12624, 0.975], [0.18937, 0.015], [0.25249, 0.01]], [[0.58536, 0.975], [0.87804, 0.015], [1.17072, 0.01]], [[0.6542, 0.975], [0.9813, 0.015], [1.3084, 0.01]], [[4.03773, 0.975], [6.05659, 0.015], [8.07545, 0.01]], [[0.92346, 0.975], [1.38519, 0.015], [1.84693, 0.01]], [[2.02577, 0.975], [3.03866, 0.015], [4.05155, 0.01]], [[4.3287, 0.975], [6.49305, 0.015], [8.6574, 0.01]], [[55.24967, 0.975], [82.87451, 0.015], [110.49934, 0.01]], [[7.51273, 0.975], [11.2691, 0.015], [15.02547, 0.01]]]

T=[[[1, 0.01], [2, 0.99]], [[1, 0.01], [2, 0.99]], [[2, 0.01], [3, 0.015], [4, 0.975]], [[2, 0.01], [3, 0.015], [4, 0.975]], [[5, 0.01], [8, 0.015], [10, 0.975]], [[5, 0.01], [8, 0.015], [10, 0.975]], [[10, 0.01], [15, 0.015], [20, 0.975]], [[20, 0.01], [30, 0.015], [40, 0.975]], [[20, 0.01], [30, 0.015], [40, 0.975]], [[20, 0.01], [30, 0.015], [40, 0.975]], [[100, 0.01], [150, 0.015], [200, 0.975]], [[100, 0.01], [150, 0.015], [200, 0.975]], [[500, 0.01], [750, 0.015], [1000, 0.975]], [[500, 0.01], [750, 0.015], [1000, 0.975]], [[500, 0.01], [750, 0.015], [1000, 0.975]]]
C=[[[0.03968, 0.975], [0.05952, 0.015], [0.07937, 0.01]], [[0.00091, 0.975], [0.00136, 0.015], [0.00182, 0.01]], [[0.00637, 0.975], [0.00956, 0.015], [0.01274, 0.01]], [[0.07404, 0.975], [0.11107, 0.015], [0.14809, 0.01]], [[0.08845, 0.975], [0.13268, 0.015], [0.17691, 0.01]], [[0.50664, 0.975], [0.75995, 0.015], [1.01327, 0.01]], [[0.0212, 0.975], [0.0318, 0.015], [0.0424, 0.01]], [[0.49272, 0.975], [0.73908, 0.015], [0.98544, 0.01]], [[3.57849, 0.975], [5.36773, 0.015], [7.15697, 0.01]], [[0.28408, 0.975], [0.42613, 0.015], [0.56817, 0.01]], [[4.82388, 0.975], [7.23581, 0.015], [9.64775, 0.01]], [[1.04487, 0.975], [1.56731, 0.015], [2.08974, 0.01]], [[72.95712, 0.975], [109.43567, 0.015], [145.91423, 0.01]], [[20.09867, 0.975], [30.148, 0.015], [40.19733, 0.01]], [[17.74961, 0.975], [26.62441, 0.015], [35.49922, 0.01]]]

T=[[[1, 0.01], [2, 0.99]], [[1, 0.01], [2, 0.99]], [[1, 0.01], [2, 0.99]], [[2, 0.01], [3, 0.015], [4, 0.975]], [[20, 0.01], [30, 0.015], [40, 0.975]], [[50, 0.01], [75, 0.015], [100, 0.975]], [[50, 0.01], [75, 0.015], [100, 0.975]], [[50, 0.01], [75, 0.015], [100, 0.975]], [[50, 0.01], [75, 0.015], [100, 0.975]], [[100, 0.01], [150, 0.015], [200, 0.975]], [[200, 0.01], [300, 0.015], [400, 0.975]], [[200, 0.01], [300, 0.015], [400, 0.975]], [[500, 0.01], [750, 0.015], [1000, 0.975]], [[500, 0.01], [750, 0.015], [1000, 0.975]], [[1000, 0.01], [1500, 0.015], [2000, 0.975]]]
C=[[[0.04177, 0.975], [0.06266, 0.015], [0.08354, 0.01]], [[0.10044, 0.975], [0.15067, 0.015], [0.20089, 0.01]], [[0.01396, 0.975], [0.02094, 0.015], [0.02792, 0.01]], [[0.0468, 0.975], [0.07019, 0.015], [0.09359, 0.01]], [[3.87776, 0.975], [5.81664, 0.015], [7.75552, 0.01]], [[1.9922, 0.975], [2.9883, 0.015], [3.98439, 0.01]], [[3.4335, 0.975], [5.15025, 0.015], [6.86701, 0.01]], [[0.17311, 0.975], [0.25966, 0.015], [0.34621, 0.01]], [[0.54693, 0.975], [0.8204, 0.015], [1.09386, 0.01]], [[4.04044, 0.975], [6.06066, 0.015], [8.08089, 0.01]], [[1.91409, 0.975], [2.87113, 0.015], [3.82818, 0.01]], [[1.04346, 0.975], [1.56518, 0.015], [2.08691, 0.01]], [[25.43405, 0.975], [38.15108, 0.015], [50.86811, 0.01]], [[20.66536, 0.975], [30.99803, 0.015], [41.33071, 0.01]], [[56.23385, 0.975], [84.35078, 0.015], [112.4677, 0.01]]]

T=[[[1, 0.01], [2, 0.99]], [[2, 0.01], [3, 0.015], [4, 0.975]], [[2, 0.01], [3, 0.015], [4, 0.975]], [[5, 0.01], [8, 0.015], [10, 0.975]], [[5, 0.01], [8, 0.015], [10, 0.975]], [[5, 0.01], [8, 0.015], [10, 0.975]], [[20, 0.01], [30, 0.015], [40, 0.975]], [[50, 0.01], [75, 0.015], [100, 0.975]], [[100, 0.01], [150, 0.015], [200, 0.975]], [[100, 0.01], [150, 0.015], [200, 0.975]], [[200, 0.01], [300, 0.015], [400, 0.975]], [[500, 0.01], [750, 0.015], [1000, 0.975]], [[500, 0.01], [750, 0.015], [1000, 0.975]], [[500, 0.01], [750, 0.015], [1000, 0.975]], [[1000, 0.01], [1500, 0.015], [2000, 0.975]]]
C=[[[0.06479, 0.975], [0.09719, 0.015], [0.12958, 0.01]], [[0.09663, 0.975], [0.14494, 0.015], [0.19326, 0.01]], [[0.11014, 0.975], [0.16521, 0.015], [0.22028, 0.01]], [[0.1374, 0.975], [0.2061, 0.015], [0.27481, 0.01]], [[0.3081, 0.975], [0.46215, 0.015], [0.6162, 0.01]], [[0.01324, 0.975], [0.01986, 0.015], [0.02648, 0.01]], [[1.42817, 0.975], [2.14226, 0.015], [2.85635, 0.01]], [[0.93576, 0.975], [1.40365, 0.015], [1.87153, 0.01]], [[0.68095, 0.975], [1.02142, 0.015], [1.3619, 0.01]], [[13.36746, 0.975], [20.05119, 0.015], [26.73492, 0.01]], [[6.3915, 0.975], [9.58725, 0.015], [12.783, 0.01]], [[13.45528, 0.975], [20.18292, 0.015], [26.91056, 0.01]], [[20.46725, 0.975], [30.70087, 0.015], [40.93449, 0.01]], [[31.06688, 0.975], [46.60032, 0.015], [62.13377, 0.01]], [[47.53209, 0.975], [71.29814, 0.015], [95.06419, 0.01]]]

T=[[[1, 0.01], [2, 0.99]], [[1, 0.01], [2, 0.99]], [[2, 0.01], [3, 0.015], [4, 0.975]], [[2, 0.01], [3, 0.015], [4, 0.975]], [[5, 0.01], [8, 0.015], [10, 0.975]], [[10, 0.01], [15, 0.015], [20, 0.975]], [[10, 0.01], [15, 0.015], [20, 0.975]], [[10, 0.01], [15, 0.015], [20, 0.975]], [[20, 0.01], [30, 0.015], [40, 0.975]], [[50, 0.01], [75, 0.015], [100, 0.975]], [[100, 0.01], [150, 0.015], [200, 0.975]], [[200, 0.01], [300, 0.015], [400, 0.975]], [[500, 0.01], [750, 0.015], [1000, 0.975]], [[500, 0.01], [750, 0.015], [1000, 0.975]], [[1000, 0.01], [1500, 0.015], [2000, 0.975]]]
C=[[[0.0246, 0.975], [0.0369, 0.015], [0.0492, 0.01]], [[0.07039, 0.975], [0.10558, 0.015], [0.14077, 0.01]], [[0.05223, 0.975], [0.07834, 0.015], [0.10445, 0.01]], [[0.10942, 0.975], [0.16413, 0.015], [0.21884, 0.01]], [[0.21102, 0.975], [0.31653, 0.015], [0.42204, 0.01]], [[0.0675, 0.975], [0.10125, 0.015], [0.135, 0.01]], [[0.62876, 0.975], [0.94314, 0.015], [1.25753, 0.01]], [[0.36455, 0.975], [0.54683, 0.015], [0.72911, 0.01]], [[0.66582, 0.975], [0.99874, 0.015], [1.33165, 0.01]], [[3.85064, 0.975], [5.77596, 0.015], [7.70129, 0.01]], [[10.71225, 0.975], [16.06837, 0.015], [21.4245, 0.01]], [[0.16084, 0.975], [0.24126, 0.015], [0.32168, 0.01]], [[30.02918, 0.975], [45.04377, 0.015], [60.05836, 0.01]], [[35.46052, 0.975], [53.19078, 0.015], [70.92103, 0.01]], [[26.69333, 0.975], [40.04, 0.015], [53.38667, 0.01]]]

T=[[[1, 0.01], [2, 0.99]], [[2, 0.01], [3, 0.015], [4, 0.975]], [[5, 0.01], [8, 0.015], [10, 0.975]], [[5, 0.01], [8, 0.015], [10, 0.975]], [[10, 0.01], [15, 0.015], [20, 0.975]], [[20, 0.01], [30, 0.015], [40, 0.975]], [[50, 0.01], [75, 0.015], [100, 0.975]], [[50, 0.01], [75, 0.015], [100, 0.975]], [[100, 0.01], [150, 0.015], [200, 0.975]], [[100, 0.01], [150, 0.015], [200, 0.975]], [[100, 0.01], [150, 0.015], [200, 0.975]], [[200, 0.01], [300, 0.015], [400, 0.975]], [[200, 0.01], [300, 0.015], [400, 0.975]], [[500, 0.01], [750, 0.015], [1000, 0.975]], [[1000, 0.01], [1500, 0.015], [2000, 0.975]]]
C=[[[0.06985, 0.975], [0.10477, 0.015], [0.13969, 0.01]], [[0.17048, 0.975], [0.25572, 0.015], [0.34096, 0.01]], [[0.0225, 0.975], [0.03375, 0.015], [0.045, 0.01]], [[0.07485, 0.975], [0.11227, 0.015], [0.14969, 0.01]], [[0.99793, 0.975], [1.4969, 0.015], [1.99587, 0.01]], [[0.29428, 0.975], [0.44142, 0.015], [0.58856, 0.01]], [[1.46025, 0.975], [2.19037, 0.015], [2.9205, 0.01]], [[1.44648, 0.975], [2.16971, 0.015], [2.89295, 0.01]], [[11.11164, 0.975], [16.66746, 0.015], [22.22327, 0.01]], [[1.0995, 0.975], [1.64924, 0.015], [2.19899, 0.01]], [[3.14886, 0.975], [4.72329, 0.015], [6.29772, 0.01]], [[8.96065, 0.975], [13.44098, 0.015], [17.92131, 0.01]], [[1.88592, 0.975], [2.82888, 0.015], [3.77184, 0.01]], [[71.0737, 0.975], [106.61055, 0.015], [142.1474, 0.01]], [[2.82215, 0.975], [4.23322, 0.015], [5.6443, 0.01]]]

T=[[[1, 0.01], [2, 0.99]], [[1, 0.01], [2, 0.99]], [[1, 0.01], [2, 0.99]], [[2, 0.01], [3, 0.015], [4, 0.975]], [[5, 0.01], [8, 0.015], [10, 0.975]], [[20, 0.01], [30, 0.015], [40, 0.975]], [[50, 0.01], [75, 0.015], [100, 0.975]], [[100, 0.01], [150, 0.015], [200, 0.975]], [[100, 0.01], [150, 0.015], [200, 0.975]], [[200, 0.01], [300, 0.015], [400, 0.975]], [[500, 0.01], [750, 0.015], [1000, 0.975]], [[500, 0.01], [750, 0.015], [1000, 0.975]], [[500, 0.01], [750, 0.015], [1000, 0.975]], [[500, 0.01], [750, 0.015], [1000, 0.975]], [[1000, 0.01], [1500, 0.015], [2000, 0.975]]]
C=[[[0.02331, 0.975], [0.03497, 0.015], [0.04662, 0.01]], [[0.08247, 0.975], [0.1237, 0.015], [0.16493, 0.01]], [[0.01139, 0.975], [0.01708, 0.015], [0.02277, 0.01]], [[0.20593, 0.975], [0.3089, 0.015], [0.41186, 0.01]], [[0.33825, 0.975], [0.50738, 0.015], [0.67651, 0.01]], [[1.16947, 0.975], [1.75421, 0.015], [2.33895, 0.01]], [[0.06964, 0.975], [0.10446, 0.015], [0.13928, 0.01]], [[22.38108, 0.975], [33.57162, 0.015], [44.76215, 0.01]], [[1.96176, 0.975], [2.94264, 0.015], [3.92351, 0.01]], [[0.10208, 0.975], [0.15313, 0.015], [0.20417, 0.01]], [[4.72013, 0.975], [7.0802, 0.015], [9.44026, 0.01]], [[7.04194, 0.975], [10.56292, 0.015], [14.08389, 0.01]], [[16.98951, 0.975], [25.48427, 0.015], [33.97902, 0.01]], [[2.63072, 0.975], [3.94609, 0.015], [5.26145, 0.01]], [[45.652, 0.975], [68.478, 0.015], [91.304, 0.01]]]

T=[[[5, 0.01], [8, 0.015], [10, 0.975]], [[5, 0.01], [8, 0.015], [10, 0.975]], [[5, 0.01], [8, 0.015], [10, 0.975]], [[10, 0.01], [15, 0.015], [20, 0.975]], [[10, 0.01], [15, 0.015], [20, 0.975]], [[20, 0.01], [30, 0.015], [40, 0.975]], [[50, 0.01], [75, 0.015], [100, 0.975]], [[50, 0.01], [75, 0.015], [100, 0.975]], [[50, 0.01], [75, 0.015], [100, 0.975]], [[500, 0.01], [750, 0.015], [1000, 0.975]], [[500, 0.01], [750, 0.015], [1000, 0.975]], [[500, 0.01], [750, 0.015], [1000, 0.975]], [[1000, 0.01], [1500, 0.015], [2000, 0.975]], [[1000, 0.01], [1500, 0.015], [2000, 0.975]], [[1000, 0.01], [1500, 0.015], [2000, 0.975]]]
C=[[[0.01062, 0.975], [0.01593, 0.015], [0.02124, 0.01]], [[0.18048, 0.975], [0.27072, 0.015], [0.36096, 0.01]], [[0.42372, 0.975], [0.63558, 0.015], [0.84744, 0.01]], [[0.58812, 0.975], [0.88218, 0.015], [1.17625, 0.01]], [[0.23819, 0.975], [0.35728, 0.015], [0.47638, 0.01]], [[0.59626, 0.975], [0.89439, 0.015], [1.19252, 0.01]], [[0.0088, 0.975], [0.01321, 0.015], [0.01761, 0.01]], [[8.57505, 0.975], [12.86258, 0.015], [17.15011, 0.01]], [[2.95878, 0.975], [4.43817, 0.015], [5.91757, 0.01]], [[7.90665, 0.975], [11.85997, 0.015], [15.81329, 0.01]], [[1.53735, 0.975], [2.30603, 0.015], [3.07471, 0.01]], [[8.24382, 0.975], [12.36573, 0.015], [16.48764, 0.01]], [[113.50893, 0.975], [170.26339, 0.015], [227.01785, 0.01]], [[4.1063, 0.975], [6.15945, 0.015], [8.21259, 0.01]], [[80.74753, 0.975], [121.12129, 0.015], [161.49505, 0.01]]]

T=[[[1, 0.01], [2, 0.99]], [[2, 0.01], [3, 0.015], [4, 0.975]], [[2, 0.01], [3, 0.015], [4, 0.975]], [[5, 0.01], [8, 0.015], [10, 0.975]], [[10, 0.01], [15, 0.015], [20, 0.975]], [[10, 0.01], [15, 0.015], [20, 0.975]], [[20, 0.01], [30, 0.015], [40, 0.975]], [[20, 0.01], [30, 0.015], [40, 0.975]], [[20, 0.01], [30, 0.015], [40, 0.975]], [[50, 0.01], [75, 0.015], [100, 0.975]], [[100, 0.01], [150, 0.015], [200, 0.975]], [[500, 0.01], [750, 0.015], [1000, 0.975]], [[500, 0.01], [750, 0.015], [1000, 0.975]], [[500, 0.01], [750, 0.015], [1000, 0.975]], [[1000, 0.01], [1500, 0.015], [2000, 0.975]]]
C=[[[0.183, 0.975], [0.2745, 0.015], [0.366, 0.01]], [[0.09751, 0.975], [0.14626, 0.015], [0.19502, 0.01]], [[0.10687, 0.975], [0.16031, 0.015], [0.21374, 0.01]], [[0.09106, 0.975], [0.13659, 0.015], [0.18212, 0.01]], [[0.25387, 0.975], [0.3808, 0.015], [0.50773, 0.01]], [[0.61741, 0.975], [0.92611, 0.015], [1.23482, 0.01]], [[0.77184, 0.975], [1.15776, 0.015], [1.54368, 0.01]], [[0.45289, 0.975], [0.67933, 0.015], [0.90578, 0.01]], [[2.96322, 0.975], [4.44484, 0.015], [5.92645, 0.01]], [[1.25143, 0.975], [1.87714, 0.015], [2.50285, 0.01]], [[0.1573, 0.975], [0.23595, 0.015], [0.31459, 0.01]], [[3.29973, 0.975], [4.9496, 0.015], [6.59946, 0.01]], [[12.47559, 0.975], [18.71339, 0.015], [24.95119, 0.01]], [[19.3289, 0.975], [28.99335, 0.015], [38.65781, 0.01]], [[3.26399, 0.975], [4.89598, 0.015], [6.52798, 0.01]]]

T=[[[1, 0.01], [2, 0.99]], [[1, 0.01], [2, 0.99]], [[1, 0.01], [2, 0.99]], [[2, 0.01], [3, 0.015], [4, 0.975]], [[2, 0.01], [3, 0.015], [4, 0.975]], [[5, 0.01], [8, 0.015], [10, 0.975]], [[20, 0.01], [30, 0.015], [40, 0.975]], [[20, 0.01], [30, 0.015], [40, 0.975]], [[50, 0.01], [75, 0.015], [100, 0.975]], [[100, 0.01], [150, 0.015], [200, 0.975]], [[100, 0.01], [150, 0.015], [200, 0.975]], [[100, 0.01], [150, 0.015], [200, 0.975]], [[200, 0.01], [300, 0.015], [400, 0.975]], [[500, 0.01], [750, 0.015], [1000, 0.975]], [[500, 0.01], [750, 0.015], [1000, 0.975]]]
C=[[[0.02062, 0.975], [0.03093, 0.015], [0.04124, 0.01]], [[0.06087, 0.975], [0.0913, 0.015], [0.12173, 0.01]], [[0.01879, 0.975], [0.02818, 0.015], [0.03758, 0.01]], [[0.11199, 0.975], [0.16798, 0.015], [0.22397, 0.01]], [[0.11749, 0.975], [0.17624, 0.015], [0.23499, 0.01]], [[0.75023, 0.975], [1.12534, 0.015], [1.50046, 0.01]], [[2.03113, 0.975], [3.0467, 0.015], [4.06226, 0.01]], [[0.05074, 0.975], [0.07611, 0.015], [0.10148, 0.01]], [[2.69557, 0.975], [4.04335, 0.015], [5.39114, 0.01]], [[5.11997, 0.975], [7.67995, 0.015], [10.23994, 0.01]], [[1.42248, 0.975], [2.13372, 0.015], [2.84496, 0.01]], [[1.0788, 0.975], [1.6182, 0.015], [2.1576, 0.01]], [[5.68613, 0.975], [8.5292, 0.015], [11.37227, 0.01]], [[20.37806, 0.975], [30.56708, 0.015], [40.75611, 0.01]], [[15.76928, 0.975], [23.65392, 0.015], [31.53856, 0.01]]]

T=[[[1, 0.01], [2, 0.99]], [[1, 0.01], [2, 0.99]], [[1, 0.01], [2, 0.99]], [[2, 0.01], [3, 0.015], [4, 0.975]], [[5, 0.01], [8, 0.015], [10, 0.975]], [[5, 0.01], [8, 0.015], [10, 0.975]], [[100, 0.01], [150, 0.015], [200, 0.975]], [[200, 0.01], [300, 0.015], [400, 0.975]], [[500, 0.01], [750, 0.015], [1000, 0.975]], [[500, 0.01], [750, 0.015], [1000, 0.975]], [[500, 0.01], [750, 0.015], [1000, 0.975]], [[500, 0.01], [750, 0.015], [1000, 0.975]], [[500, 0.01], [750, 0.015], [1000, 0.975]], [[1000, 0.01], [1500, 0.015], [2000, 0.975]], [[1000, 0.01], [1500, 0.015], [2000, 0.975]]]
C=[[[0.00302, 0.975], [0.00453, 0.015], [0.00604, 0.01]], [[0.01575, 0.975], [0.02363, 0.015], [0.03151, 0.01]], [[0.01851, 0.975], [0.02776, 0.015], [0.03702, 0.01]], [[0.28945, 0.975], [0.43417, 0.015], [0.5789, 0.01]], [[0.18032, 0.975], [0.27048, 0.015], [0.36064, 0.01]], [[0.16631, 0.975], [0.24946, 0.015], [0.33261, 0.01]], [[9.05347, 0.975], [13.58021, 0.015], [18.10694, 0.01]], [[24.86356, 0.975], [37.29534, 0.015], [49.72712, 0.01]], [[0.59516, 0.975], [0.89274, 0.015], [1.19031, 0.01]], [[60.16997, 0.975], [90.25496, 0.015], [120.33995, 0.01]], [[10.1982, 0.975], [15.2973, 0.015], [20.39639, 0.01]], [[17.71354, 0.975], [26.5703, 0.015], [35.42707, 0.01]], [[4.21302, 0.975], [6.31954, 0.015], [8.42605, 0.01]], [[27.76664, 0.975], [41.64995, 0.015], [55.53327, 0.01]], [[20.27021, 0.975], [30.40532, 0.015], [40.54042, 0.01]]]

T=[[[2, 0.01], [3, 0.015], [4, 0.975]], [[2, 0.01], [3, 0.015], [4, 0.975]], [[5, 0.01], [8, 0.015], [10, 0.975]], [[5, 0.01], [8, 0.015], [10, 0.975]], [[5, 0.01], [8, 0.015], [10, 0.975]], [[10, 0.01], [15, 0.015], [20, 0.975]], [[10, 0.01], [15, 0.015], [20, 0.975]], [[10, 0.01], [15, 0.015], [20, 0.975]], [[20, 0.01], [30, 0.015], [40, 0.975]], [[20, 0.01], [30, 0.015], [40, 0.975]], [[100, 0.01], [150, 0.015], [200, 0.975]], [[200, 0.01], [300, 0.015], [400, 0.975]], [[500, 0.01], [750, 0.015], [1000, 0.975]], [[1000, 0.01], [1500, 0.015], [2000, 0.975]], [[1000, 0.01], [1500, 0.015], [2000, 0.975]]]
C=[[[0.09881, 0.975], [0.14822, 0.015], [0.19762, 0.01]], [[0.05428, 0.975], [0.08142, 0.015], [0.10856, 0.01]], [[0.1118, 0.975], [0.16771, 0.015], [0.22361, 0.01]], [[0.03275, 0.975], [0.04913, 0.015], [0.0655, 0.01]], [[0.0657, 0.975], [0.09855, 0.015], [0.1314, 0.01]], [[0.86006, 0.975], [1.29009, 0.015], [1.72012, 0.01]], [[0.44531, 0.975], [0.66797, 0.015], [0.89062, 0.01]], [[0.24926, 0.975], [0.37389, 0.015], [0.49853, 0.01]], [[0.34501, 0.975], [0.51752, 0.015], [0.69003, 0.01]], [[2.57331, 0.975], [3.85997, 0.015], [5.14662, 0.01]], [[1.33606, 0.975], [2.00409, 0.015], [2.67213, 0.01]], [[6.64586, 0.975], [9.96879, 0.015], [13.29172, 0.01]], [[39.37773, 0.975], [59.06659, 0.015], [78.75546, 0.01]], [[114.4384, 0.975], [171.6576, 0.015], [228.8768, 0.01]], [[40.23987, 0.975], [60.35981, 0.015], [80.47974, 0.01]]]

T=[[[1, 0.01], [2, 0.99]], [[1, 0.01], [2, 0.99]], [[2, 0.01], [3, 0.015], [4, 0.975]], [[2, 0.01], [3, 0.015], [4, 0.975]], [[20, 0.01], [30, 0.015], [40, 0.975]], [[50, 0.01], [75, 0.015], [100, 0.975]], [[50, 0.01], [75, 0.015], [100, 0.975]], [[50, 0.01], [75, 0.015], [100, 0.975]], [[50, 0.01], [75, 0.015], [100, 0.975]], [[50, 0.01], [75, 0.015], [100, 0.975]], [[50, 0.01], [75, 0.015], [100, 0.975]], [[100, 0.01], [150, 0.015], [200, 0.975]], [[100, 0.01], [150, 0.015], [200, 0.975]], [[200, 0.01], [300, 0.015], [400, 0.975]], [[200, 0.01], [300, 0.015], [400, 0.975]]]
C=[[[0.0684, 0.975], [0.1026, 0.015], [0.1368, 0.01]], [[0.05076, 0.975], [0.07614, 0.015], [0.10152, 0.01]], [[0.02555, 0.975], [0.03833, 0.015], [0.05111, 0.01]], [[0.46389, 0.975], [0.69583, 0.015], [0.92778, 0.01]], [[0.54276, 0.975], [0.81414, 0.015], [1.08552, 0.01]], [[3.05251, 0.975], [4.57876, 0.015], [6.10502, 0.01]], [[0.61487, 0.975], [0.9223, 0.015], [1.22973, 0.01]], [[2.84654, 0.975], [4.26982, 0.015], [5.69309, 0.01]], [[1.53408, 0.975], [2.30112, 0.015], [3.06817, 0.01]], [[0.42023, 0.975], [0.63035, 0.015], [0.84047, 0.01]], [[1.24228, 0.975], [1.86343, 0.015], [2.48457, 0.01]], [[1.4196, 0.975], [2.1294, 0.015], [2.8392, 0.01]], [[2.06586, 0.975], [3.09878, 0.015], [4.13171, 0.01]], [[2.39963, 0.975], [3.59945, 0.015], [4.79927, 0.01]], [[13.58385, 0.975], [20.37577, 0.015], [27.1677, 0.01]]]

T=[[[1, 0.01], [2, 0.99]], [[1, 0.01], [2, 0.99]], [[2, 0.01], [3, 0.015], [4, 0.975]], [[2, 0.01], [3, 0.015], [4, 0.975]], [[5, 0.01], [8, 0.015], [10, 0.975]], [[10, 0.01], [15, 0.015], [20, 0.975]], [[20, 0.01], [30, 0.015], [40, 0.975]], [[100, 0.01], [150, 0.015], [200, 0.975]], [[200, 0.01], [300, 0.015], [400, 0.975]], [[200, 0.01], [300, 0.015], [400, 0.975]], [[500, 0.01], [750, 0.015], [1000, 0.975]], [[1000, 0.01], [1500, 0.015], [2000, 0.975]], [[1000, 0.01], [1500, 0.015], [2000, 0.975]], [[1000, 0.01], [1500, 0.015], [2000, 0.975]], [[1000, 0.01], [1500, 0.015], [2000, 0.975]]]
C=[[[0.03326, 0.975], [0.04989, 0.015], [0.06652, 0.01]], [[0.08539, 0.975], [0.12809, 0.015], [0.17078, 0.01]], [[0.07963, 0.975], [0.11944, 0.015], [0.15926, 0.01]], [[0.15136, 0.975], [0.22704, 0.015], [0.30272, 0.01]], [[0.00389, 0.975], [0.00583, 0.015], [0.00777, 0.01]], [[0.86647, 0.975], [1.29971, 0.015], [1.73295, 0.01]], [[0.69482, 0.975], [1.04223, 0.015], [1.38964, 0.01]], [[6.30537, 0.975], [9.45805, 0.015], [12.61074, 0.01]], [[14.41072, 0.975], [21.61608, 0.015], [28.82145, 0.01]], [[30.04353, 0.975], [45.0653, 0.015], [60.08707, 0.01]], [[3.37012, 0.975], [5.05518, 0.015], [6.74024, 0.01]], [[5.36384, 0.975], [8.04577, 0.015], [10.72769, 0.01]], [[33.84462, 0.975], [50.76693, 0.015], [67.68924, 0.01]], [[1.40209, 0.975], [2.10314, 0.015], [2.80418, 0.01]], [[11.01219, 0.975], [16.51829, 0.015], [22.02438, 0.01]]]

T=[[[1, 0.01], [2, 0.99]], [[1, 0.01], [2, 0.99]], [[5, 0.01], [8, 0.015], [10, 0.975]], [[10, 0.01], [15, 0.015], [20, 0.975]], [[10, 0.01], [15, 0.015], [20, 0.975]], [[10, 0.01], [15, 0.015], [20, 0.975]], [[20, 0.01], [30, 0.015], [40, 0.975]], [[20, 0.01], [30, 0.015], [40, 0.975]], [[50, 0.01], [75, 0.015], [100, 0.975]], [[50, 0.01], [75, 0.015], [100, 0.975]], [[100, 0.01], [150, 0.015], [200, 0.975]], [[100, 0.01], [150, 0.015], [200, 0.975]], [[500, 0.01], [750, 0.015], [1000, 0.975]], [[500, 0.01], [750, 0.015], [1000, 0.975]], [[1000, 0.01], [1500, 0.015], [2000, 0.975]]]
C=[[[0.03639, 0.975], [0.05458, 0.015], [0.07278, 0.01]], [[0.01484, 0.975], [0.02227, 0.015], [0.02969, 0.01]], [[0.00924, 0.975], [0.01386, 0.015], [0.01848, 0.01]], [[0.29974, 0.975], [0.44961, 0.015], [0.59948, 0.01]], [[0.45152, 0.975], [0.67728, 0.015], [0.90305, 0.01]], [[1.02467, 0.975], [1.53701, 0.015], [2.04934, 0.01]], [[0.46839, 0.975], [0.70259, 0.015], [0.93679, 0.01]], [[1.12982, 0.975], [1.69472, 0.015], [2.25963, 0.01]], [[0.35791, 0.975], [0.53686, 0.015], [0.71581, 0.01]], [[2.03936, 0.975], [3.05904, 0.015], [4.07873, 0.01]], [[2.2748, 0.975], [3.4122, 0.015], [4.5496, 0.01]], [[1.65496, 0.975], [2.48245, 0.015], [3.30993, 0.01]], [[63.82464, 0.975], [95.73697, 0.015], [127.64929, 0.01]], [[50.9794, 0.975], [76.4691, 0.015], [101.9588, 0.01]], [[72.56544, 0.975], [108.84815, 0.015], [145.13087, 0.01]]]

T=[[[1, 0.01], [2, 0.99]], [[2, 0.01], [3, 0.015], [4, 0.975]], [[2, 0.01], [3, 0.015], [4, 0.975]], [[2, 0.01], [3, 0.015], [4, 0.975]], [[5, 0.01], [8, 0.015], [10, 0.975]], [[10, 0.01], [15, 0.015], [20, 0.975]], [[20, 0.01], [30, 0.015], [40, 0.975]], [[20, 0.01], [30, 0.015], [40, 0.975]], [[100, 0.01], [150, 0.015], [200, 0.975]], [[200, 0.01], [300, 0.015], [400, 0.975]], [[200, 0.01], [300, 0.015], [400, 0.975]], [[200, 0.01], [300, 0.015], [400, 0.975]], [[500, 0.01], [750, 0.015], [1000, 0.975]], [[500, 0.01], [750, 0.015], [1000, 0.975]], [[1000, 0.01], [1500, 0.015], [2000, 0.975]]]
C=[[[0.08288, 0.975], [0.12432, 0.015], [0.16576, 0.01]], [[0.10294, 0.975], [0.15441, 0.015], [0.20588, 0.01]], [[0.01681, 0.975], [0.02521, 0.015], [0.03362, 0.01]], [[0.30248, 0.975], [0.45371, 0.015], [0.60495, 0.01]], [[0.01045, 0.975], [0.01568, 0.015], [0.02091, 0.01]], [[0.77647, 0.975], [1.1647, 0.015], [1.55294, 0.01]], [[2.09988, 0.975], [3.14982, 0.015], [4.19975, 0.01]], [[1.15158, 0.975], [1.72736, 0.015], [2.30315, 0.01]], [[0.27882, 0.975], [0.41823, 0.015], [0.55764, 0.01]], [[1.48787, 0.975], [2.2318, 0.015], [2.97574, 0.01]], [[11.60928, 0.975], [17.41392, 0.015], [23.21856, 0.01]], [[9.11625, 0.975], [13.67437, 0.015], [18.2325, 0.01]], [[1.68713, 0.975], [2.5307, 0.015], [3.37427, 0.01]], [[14.10364, 0.975], [21.15547, 0.015], [28.20729, 0.01]], [[18.25864, 0.975], [27.38795, 0.015], [36.51727, 0.01]]]

T=[[[2, 0.01], [3, 0.015], [4, 0.975]], [[5, 0.01], [8, 0.015], [10, 0.975]], [[5, 0.01], [8, 0.015], [10, 0.975]], [[5, 0.01], [8, 0.015], [10, 0.975]], [[10, 0.01], [15, 0.015], [20, 0.975]], [[10, 0.01], [15, 0.015], [20, 0.975]], [[10, 0.01], [15, 0.015], [20, 0.975]], [[50, 0.01], [75, 0.015], [100, 0.975]], [[100, 0.01], [150, 0.015], [200, 0.975]], [[100, 0.01], [150, 0.015], [200, 0.975]], [[100, 0.01], [150, 0.015], [200, 0.975]], [[100, 0.01], [150, 0.015], [200, 0.975]], [[200, 0.01], [300, 0.015], [400, 0.975]], [[200, 0.01], [300, 0.015], [400, 0.975]], [[1000, 0.01], [1500, 0.015], [2000, 0.975]]]
C=[[[0.42789, 0.975], [0.64184, 0.015], [0.85578, 0.01]], [[0.11675, 0.975], [0.17512, 0.015], [0.23349, 0.01]], [[0.08046, 0.975], [0.12069, 0.015], [0.16092, 0.01]], [[0.07343, 0.975], [0.11014, 0.015], [0.14686, 0.01]], [[0.15539, 0.975], [0.23309, 0.015], [0.31078, 0.01]], [[0.02202, 0.975], [0.03303, 0.015], [0.04403, 0.01]], [[0.22342, 0.975], [0.33513, 0.015], [0.44684, 0.01]], [[1.82946, 0.975], [2.7442, 0.015], [3.65893, 0.01]], [[3.03495, 0.975], [4.55242, 0.015], [6.0699, 0.01]], [[0.84582, 0.975], [1.26873, 0.015], [1.69164, 0.01]], [[3.80055, 0.975], [5.70083, 0.015], [7.60111, 0.01]], [[7.30322, 0.975], [10.95483, 0.015], [14.60644, 0.01]], [[0.68077, 0.975], [1.02115, 0.015], [1.36153, 0.01]], [[7.73213, 0.975], [11.5982, 0.015], [15.46426, 0.01]], [[163.34469, 0.975], [245.01703, 0.015], [326.68937, 0.01]]]

T=[[[1, 0.01], [2, 0.99]], [[2, 0.01], [3, 0.015], [4, 0.975]], [[2, 0.01], [3, 0.015], [4, 0.975]], [[2, 0.01], [3, 0.015], [4, 0.975]], [[5, 0.01], [8, 0.015], [10, 0.975]], [[5, 0.01], [8, 0.015], [10, 0.975]], [[10, 0.01], [15, 0.015], [20, 0.975]], [[10, 0.01], [15, 0.015], [20, 0.975]], [[20, 0.01], [30, 0.015], [40, 0.975]], [[100, 0.01], [150, 0.015], [200, 0.975]], [[100, 0.01], [150, 0.015], [200, 0.975]], [[100, 0.01], [150, 0.015], [200, 0.975]], [[200, 0.01], [300, 0.015], [400, 0.975]], [[1000, 0.01], [1500, 0.015], [2000, 0.975]], [[1000, 0.01], [1500, 0.015], [2000, 0.975]]]
C=[[[0.01076, 0.975], [0.01614, 0.015], [0.02152, 0.01]], [[0.20201, 0.975], [0.30302, 0.015], [0.40403, 0.01]], [[0.00545, 0.975], [0.00818, 0.015], [0.01091, 0.01]], [[0.07673, 0.975], [0.11509, 0.015], [0.15345, 0.01]], [[0.27294, 0.975], [0.40942, 0.015], [0.54589, 0.01]], [[0.11519, 0.975], [0.17278, 0.015], [0.23038, 0.01]], [[1.22818, 0.975], [1.84227, 0.015], [2.45636, 0.01]], [[0.52931, 0.975], [0.79396, 0.015], [1.05862, 0.01]], [[0.19361, 0.975], [0.29042, 0.015], [0.38722, 0.01]], [[8.71817, 0.975], [13.07726, 0.015], [17.43634, 0.01]], [[3.07504, 0.975], [4.61256, 0.015], [6.15008, 0.01]], [[7.12751, 0.975], [10.69127, 0.015], [14.25502, 0.01]], [[6.1237, 0.975], [9.18555, 0.015], [12.2474, 0.01]], [[11.42857, 0.975], [17.14286, 0.015], [22.85714, 0.01]], [[52.83359, 0.975], [79.25039, 0.015], [105.66719, 0.01]]]

T=[[[1, 0.01], [2, 0.99]], [[1, 0.01], [2, 0.99]], [[2, 0.01], [3, 0.015], [4, 0.975]], [[5, 0.01], [8, 0.015], [10, 0.975]], [[5, 0.01], [8, 0.015], [10, 0.975]], [[10, 0.01], [15, 0.015], [20, 0.975]], [[20, 0.01], [30, 0.015], [40, 0.975]], [[20, 0.01], [30, 0.015], [40, 0.975]], [[20, 0.01], [30, 0.015], [40, 0.975]], [[50, 0.01], [75, 0.015], [100, 0.975]], [[50, 0.01], [75, 0.015], [100, 0.975]], [[100, 0.01], [150, 0.015], [200, 0.975]], [[200, 0.01], [300, 0.015], [400, 0.975]], [[500, 0.01], [750, 0.015], [1000, 0.975]], [[1000, 0.01], [1500, 0.015], [2000, 0.975]]]
C=[[[0.01692, 0.975], [0.02539, 0.015], [0.03385, 0.01]], [[0.11643, 0.975], [0.17464, 0.015], [0.23285, 0.01]], [[0.15149, 0.975], [0.22723, 0.015], [0.30298, 0.01]], [[0.63303, 0.975], [0.94955, 0.015], [1.26606, 0.01]], [[0.19695, 0.975], [0.29543, 0.015], [0.39391, 0.01]], [[0.61732, 0.975], [0.92597, 0.015], [1.23463, 0.01]], [[0.23503, 0.975], [0.35255, 0.015], [0.47007, 0.01]], [[0.52485, 0.975], [0.78728, 0.015], [1.0497, 0.01]], [[0.13553, 0.975], [0.2033, 0.015], [0.27107, 0.01]], [[0.12315, 0.975], [0.18472, 0.015], [0.24629, 0.01]], [[2.09924, 0.975], [3.14885, 0.015], [4.19847, 0.01]], [[4.07265, 0.975], [6.10898, 0.015], [8.1453, 0.01]], [[3.44725, 0.975], [5.17087, 0.015], [6.8945, 0.01]], [[50.16427, 0.975], [75.24641, 0.015], [100.32855, 0.01]], [[15.66656, 0.975], [23.49985, 0.015], [31.33313, 0.01]]]

T=[[[1, 0.01], [2, 0.99]], [[2, 0.01], [3, 0.015], [4, 0.975]], [[2, 0.01], [3, 0.015], [4, 0.975]], [[5, 0.01], [8, 0.015], [10, 0.975]], [[10, 0.01], [15, 0.015], [20, 0.975]], [[10, 0.01], [15, 0.015], [20, 0.975]], [[20, 0.01], [30, 0.015], [40, 0.975]], [[50, 0.01], [75, 0.015], [100, 0.975]], [[50, 0.01], [75, 0.015], [100, 0.975]], [[200, 0.01], [300, 0.015], [400, 0.975]], [[500, 0.01], [750, 0.015], [1000, 0.975]], [[500, 0.01], [750, 0.015], [1000, 0.975]], [[500, 0.01], [750, 0.015], [1000, 0.975]], [[1000, 0.01], [1500, 0.015], [2000, 0.975]], [[1000, 0.01], [1500, 0.015], [2000, 0.975]]]
C=[[[0.03596, 0.975], [0.05395, 0.015], [0.07193, 0.01]], [[0.19935, 0.975], [0.29902, 0.015], [0.39869, 0.01]], [[0.007, 0.975], [0.01049, 0.015], [0.01399, 0.01]], [[0.68931, 0.975], [1.03396, 0.015], [1.37862, 0.01]], [[0.13651, 0.975], [0.20477, 0.015], [0.27303, 0.01]], [[0.14377, 0.975], [0.21565, 0.015], [0.28753, 0.01]], [[0.03089, 0.975], [0.04633, 0.015], [0.06178, 0.01]], [[2.78751, 0.975], [4.18126, 0.015], [5.57502, 0.01]], [[1.07388, 0.975], [1.61081, 0.015], [2.14775, 0.01]], [[22.7421, 0.975], [34.11314, 0.015], [45.48419, 0.01]], [[17.60345, 0.975], [26.40517, 0.015], [35.2069, 0.01]], [[25.63329, 0.975], [38.44993, 0.015], [51.26658, 0.01]], [[15.53577, 0.975], [23.30365, 0.015], [31.07154, 0.01]], [[19.97562, 0.975], [29.96343, 0.015], [39.95124, 0.01]], [[64.97153, 0.975], [97.45729, 0.015], [129.94306, 0.01]]]

