T=[[[1, 0.01], [2, 0.99]], [[2, 0.01], [3, 0.015], [4, 0.975]], [[2, 0.01], [3, 0.015], [4, 0.975]], [[20, 0.01], [30, 0.015], [40, 0.975]], [[50, 0.01], [75, 0.015], [100, 0.975]], [[50, 0.01], [75, 0.015], [100, 0.975]], [[100, 0.01], [150, 0.015], [200, 0.975]], [[500, 0.01], [750, 0.015], [1000, 0.975]], [[1000, 0.01], [1500, 0.015], [2000, 0.975]], [[1000, 0.01], [1500, 0.015], [2000, 0.975]]]
C=[[[0.03785, 0.975], [0.05677, 0.015], [0.0757, 0.01]], [[0.18408, 0.975], [0.27612, 0.015], [0.36816, 0.01]], [[0.33982, 0.975], [0.50973, 0.015], [0.67963, 0.01]], [[0.3669, 0.975], [0.55035, 0.015], [0.7338, 0.01]], [[6.0656, 0.975], [9.0984, 0.015], [12.1312, 0.01]], [[3.76886, 0.975], [5.6533, 0.015], [7.53773, 0.01]], [[18.84482, 0.975], [28.26722, 0.015], [37.68963, 0.01]], [[40.24014, 0.975], [60.36021, 0.015], [80.48028, 0.01]], [[7.84636, 0.975], [11.76955, 0.015], [15.69273, 0.01]], [[8.39305, 0.975], [12.58957, 0.015], [16.7861, 0.01]]]

T=[[[1, 0.01], [2, 0.99]], [[2, 0.01], [3, 0.015], [4, 0.975]], [[2, 0.01], [3, 0.015], [4, 0.975]], [[10, 0.01], [15, 0.015], [20, 0.975]], [[20, 0.01], [30, 0.015], [40, 0.975]], [[100, 0.01], [150, 0.015], [200, 0.975]], [[500, 0.01], [750, 0.015], [1000, 0.975]], [[500, 0.01], [750, 0.015], [1000, 0.975]], [[1000, 0.01], [1500, 0.015], [2000, 0.975]], [[1000, 0.01], [1500, 0.015], [2000, 0.975]]]
C=[[[0.0114, 0.975], [0.0171, 0.015], [0.0228, 0.01]], [[0.10402, 0.975], [0.15603, 0.015], [0.20804, 0.01]], [[0.10966, 0.975], [0.1645, 0.015], [0.21933, 0.01]], [[0.07335, 0.975], [0.11003, 0.015], [0.1467, 0.01]], [[2.39265, 0.975], [3.58898, 0.015], [4.7853, 0.01]], [[12.78587, 0.975], [19.17881, 0.015], [25.57175, 0.01]], [[22.21925, 0.975], [33.32887, 0.015], [44.4385, 0.01]], [[101.00928, 0.975], [151.51391, 0.015], [202.01855, 0.01]], [[166.07026, 0.975], [249.10539, 0.015], [332.14052, 0.01]], [[14.40266, 0.975], [21.60399, 0.015], [28.80532, 0.01]]]

T=[[[1, 0.01], [2, 0.99]], [[1, 0.01], [2, 0.99]], [[2, 0.01], [3, 0.015], [4, 0.975]], [[2, 0.01], [3, 0.015], [4, 0.975]], [[5, 0.01], [8, 0.015], [10, 0.975]], [[50, 0.01], [75, 0.015], [100, 0.975]], [[50, 0.01], [75, 0.015], [100, 0.975]], [[100, 0.01], [150, 0.015], [200, 0.975]], [[100, 0.01], [150, 0.015], [200, 0.975]], [[500, 0.01], [750, 0.015], [1000, 0.975]]]
C=[[[0.02488, 0.975], [0.03732, 0.015], [0.04976, 0.01]], [[0.09503, 0.975], [0.14254, 0.015], [0.19005, 0.01]], [[0.10695, 0.975], [0.16043, 0.015], [0.21391, 0.01]], [[0.48392, 0.975], [0.72587, 0.015], [0.96783, 0.01]], [[0.04845, 0.975], [0.07268, 0.015], [0.0969, 0.01]], [[6.68289, 0.975], [10.02433, 0.015], [13.36578, 0.01]], [[3.87058, 0.975], [5.80587, 0.015], [7.74116, 0.01]], [[2.00778, 0.975], [3.01167, 0.015], [4.01556, 0.01]], [[6.5114, 0.975], [9.7671, 0.015], [13.0228, 0.01]], [[39.35257, 0.975], [59.02886, 0.015], [78.70515, 0.01]]]

T=[[[5, 0.01], [8, 0.015], [10, 0.975]], [[10, 0.01], [15, 0.015], [20, 0.975]], [[10, 0.01], [15, 0.015], [20, 0.975]], [[10, 0.01], [15, 0.015], [20, 0.975]], [[10, 0.01], [15, 0.015], [20, 0.975]], [[20, 0.01], [30, 0.015], [40, 0.975]], [[50, 0.01], [75, 0.015], [100, 0.975]], [[50, 0.01], [75, 0.015], [100, 0.975]], [[200, 0.01], [300, 0.015], [400, 0.975]], [[500, 0.01], [750, 0.015], [1000, 0.975]]]
C=[[[0.06384, 0.975], [0.09575, 0.015], [0.12767, 0.01]], [[1.22083, 0.975], [1.83124, 0.015], [2.44166, 0.01]], [[0.1508, 0.975], [0.22621, 0.015], [0.30161, 0.01]], [[0.39014, 0.975], [0.5852, 0.015], [0.78027, 0.01]], [[0.3046, 0.975], [0.4569, 0.015], [0.6092, 0.01]], [[5.67253, 0.975], [8.50879, 0.015], [11.34505, 0.01]], [[6.55131, 0.975], [9.82697, 0.015], [13.10262, 0.01]], [[3.99748, 0.975], [5.99623, 0.015], [7.99497, 0.01]], [[13.4836, 0.975], [20.2254, 0.015], [26.9672, 0.01]], [[9.28788, 0.975], [13.93181, 0.015], [18.57575, 0.01]]]

T=[[[1, 0.01], [2, 0.99]], [[1, 0.01], [2, 0.99]], [[5, 0.01], [8, 0.015], [10, 0.975]], [[20, 0.01], [30, 0.015], [40, 0.975]], [[100, 0.01], [150, 0.015], [200, 0.975]], [[100, 0.01], [150, 0.015], [200, 0.975]], [[500, 0.01], [750, 0.015], [1000, 0.975]], [[500, 0.01], [750, 0.015], [1000, 0.975]], [[500, 0.01], [750, 0.015], [1000, 0.975]], [[1000, 0.01], [1500, 0.015], [2000, 0.975]]]
C=[[[0.09284, 0.975], [0.13926, 0.015], [0.18568, 0.01]], [[0.05371, 0.975], [0.08056, 0.015], [0.10741, 0.01]], [[0.27941, 0.975], [0.41912, 0.015], [0.55882, 0.01]], [[0.39441, 0.975], [0.59162, 0.015], [0.78883, 0.01]], [[5.08069, 0.975], [7.62103, 0.015], [10.16137, 0.01]], [[2.43833, 0.975], [3.6575, 0.015], [4.87666, 0.01]], [[49.76529, 0.975], [74.64793, 0.015], [99.53058, 0.01]], [[79.64196, 0.975], [119.46294, 0.015], [159.28392, 0.01]], [[12.22693, 0.975], [18.3404, 0.015], [24.45386, 0.01]], [[219.39259, 0.975], [329.08888, 0.015], [438.78517, 0.01]]]

T=[[[1, 0.01], [2, 0.99]], [[1, 0.01], [2, 0.99]], [[2, 0.01], [3, 0.015], [4, 0.975]], [[5, 0.01], [8, 0.015], [10, 0.975]], [[50, 0.01], [75, 0.015], [100, 0.975]], [[200, 0.01], [300, 0.015], [400, 0.975]], [[200, 0.01], [300, 0.015], [400, 0.975]], [[500, 0.01], [750, 0.015], [1000, 0.975]], [[1000, 0.01], [1500, 0.015], [2000, 0.975]], [[1000, 0.01], [1500, 0.015], [2000, 0.975]]]
C=[[[0.02001, 0.975], [0.03001, 0.015], [0.04001, 0.01]], [[0.04403, 0.975], [0.06604, 0.015], [0.08805, 0.01]], [[0.22606, 0.975], [0.33908, 0.015], [0.45211, 0.01]], [[0.46595, 0.975], [0.69893, 0.015], [0.93191, 0.01]], [[6.02227, 0.975], [9.0334, 0.015], [12.04453, 0.01]], [[11.62172, 0.975], [17.43258, 0.015], [23.24344, 0.01]], [[30.45855, 0.975], [45.68782, 0.015], [60.9171, 0.01]], [[7.69709, 0.975], [11.54563, 0.015], [15.39418, 0.01]], [[122.47841, 0.975], [183.71762, 0.015], [244.95682, 0.01]], [[61.03009, 0.975], [91.54513, 0.015], [122.06018, 0.01]]]

T=[[[1, 0.01], [2, 0.99]], [[1, 0.01], [2, 0.99]], [[5, 0.01], [8, 0.015], [10, 0.975]], [[50, 0.01], [75, 0.015], [100, 0.975]], [[100, 0.01], [150, 0.015], [200, 0.975]], [[200, 0.01], [300, 0.015], [400, 0.975]], [[200, 0.01], [300, 0.015], [400, 0.975]], [[500, 0.01], [750, 0.015], [1000, 0.975]], [[1000, 0.01], [1500, 0.015], [2000, 0.975]], [[1000, 0.01], [1500, 0.015], [2000, 0.975]]]
C=[[[0.07385, 0.975], [0.11077, 0.015], [0.1477, 0.01]], [[0.11382, 0.975], [0.17073, 0.015], [0.22764, 0.01]], [[0.16572, 0.975], [0.24857, 0.015], [0.33143, 0.01]], [[0.06804, 0.975], [0.10207, 0.015], [0.13609, 0.01]], [[2.89581, 0.975], [4.34371, 0.015], [5.79162, 0.01]], [[24.73827, 0.975], [37.10741, 0.015], [49.47654, 0.01]], [[52.09385, 0.975], [78.14077, 0.015], [104.18769, 0.01]], [[69.32079, 0.975], [103.98118, 0.015], [138.64158, 0.01]], [[12.48792, 0.975], [18.73188, 0.015], [24.97584, 0.01]], [[13.58059, 0.975], [20.37089, 0.015], [27.16119, 0.01]]]

T=[[[1, 0.01], [2, 0.99]], [[2, 0.01], [3, 0.015], [4, 0.975]], [[10, 0.01], [15, 0.015], [20, 0.975]], [[20, 0.01], [30, 0.015], [40, 0.975]], [[100, 0.01], [150, 0.015], [200, 0.975]], [[100, 0.01], [150, 0.015], [200, 0.975]], [[200, 0.01], [300, 0.015], [400, 0.975]], [[500, 0.01], [750, 0.015], [1000, 0.975]], [[1000, 0.01], [1500, 0.015], [2000, 0.975]], [[1000, 0.01], [1500, 0.015], [2000, 0.975]]]
C=[[[0.05147, 0.975], [0.07721, 0.015], [0.10295, 0.01]], [[0.06277, 0.975], [0.09415, 0.015], [0.12553, 0.01]], [[0.40498, 0.975], [0.60747, 0.015], [0.80995, 0.01]], [[0.27807, 0.975], [0.41711, 0.015], [0.55614, 0.01]], [[15.13501, 0.975], [22.70251, 0.015], [30.27002, 0.01]], [[2.6436, 0.975], [3.9654, 0.015], [5.2872, 0.01]], [[61.4068, 0.975], [92.11021, 0.015], [122.81361, 0.01]], [[0.62175, 0.975], [0.93262, 0.015], [1.24349, 0.01]], [[105.01288, 0.975], [157.51932, 0.015], [210.02576, 0.01]], [[71.66482, 0.975], [107.49723, 0.015], [143.32963, 0.01]]]

T=[[[1, 0.01], [2, 0.99]], [[2, 0.01], [3, 0.015], [4, 0.975]], [[2, 0.01], [3, 0.015], [4, 0.975]], [[5, 0.01], [8, 0.015], [10, 0.975]], [[10, 0.01], [15, 0.015], [20, 0.975]], [[20, 0.01], [30, 0.015], [40, 0.975]], [[50, 0.01], [75, 0.015], [100, 0.975]], [[500, 0.01], [750, 0.015], [1000, 0.975]], [[500, 0.01], [750, 0.015], [1000, 0.975]], [[1000, 0.01], [1500, 0.015], [2000, 0.975]]]
C=[[[0.01118, 0.975], [0.01677, 0.015], [0.02236, 0.01]], [[0.08854, 0.975], [0.13281, 0.015], [0.17708, 0.01]], [[0.22847, 0.975], [0.3427, 0.015], [0.45693, 0.01]], [[0.28776, 0.975], [0.43165, 0.015], [0.57553, 0.01]], [[0.08128, 0.975], [0.12192, 0.015], [0.16256, 0.01]], [[1.1009, 0.975], [1.65136, 0.015], [2.20181, 0.01]], [[1.45452, 0.975], [2.18178, 0.015], [2.90904, 0.01]], [[26.62624, 0.975], [39.93936, 0.015], [53.25248, 0.01]], [[92.51067, 0.975], [138.766, 0.015], [185.02133, 0.01]], [[242.22768, 0.975], [363.34151, 0.015], [484.45535, 0.01]]]

T=[[[1, 0.01], [2, 0.99]], [[2, 0.01], [3, 0.015], [4, 0.975]], [[5, 0.01], [8, 0.015], [10, 0.975]], [[10, 0.01], [15, 0.015], [20, 0.975]], [[100, 0.01], [150, 0.015], [200, 0.975]], [[100, 0.01], [150, 0.015], [200, 0.975]], [[100, 0.01], [150, 0.015], [200, 0.975]], [[200, 0.01], [300, 0.015], [400, 0.975]], [[1000, 0.01], [1500, 0.015], [2000, 0.975]], [[1000, 0.01], [1500, 0.015], [2000, 0.975]]]
C=[[[0.06643, 0.975], [0.09964, 0.015], [0.13286, 0.01]], [[0.08016, 0.975], [0.12025, 0.015], [0.16033, 0.01]], [[0.67058, 0.975], [1.00587, 0.015], [1.34116, 0.01]], [[0.00162, 0.975], [0.00243, 0.015], [0.00325, 0.01]], [[0.03124, 0.975], [0.04686, 0.015], [0.06248, 0.01]], [[4.27775, 0.975], [6.41662, 0.015], [8.55549, 0.01]], [[30.40947, 0.975], [45.6142, 0.015], [60.81894, 0.01]], [[25.32849, 0.975], [37.99273, 0.015], [50.65697, 0.01]], [[48.99377, 0.975], [73.49065, 0.015], [97.98753, 0.01]], [[36.39141, 0.975], [54.58712, 0.015], [72.78282, 0.01]]]

T=[[[1, 0.01], [2, 0.99]], [[2, 0.01], [3, 0.015], [4, 0.975]], [[5, 0.01], [8, 0.015], [10, 0.975]], [[10, 0.01], [15, 0.015], [20, 0.975]], [[20, 0.01], [30, 0.015], [40, 0.975]], [[200, 0.01], [300, 0.015], [400, 0.975]], [[200, 0.01], [300, 0.015], [400, 0.975]], [[500, 0.01], [750, 0.015], [1000, 0.975]], [[1000, 0.01], [1500, 0.015], [2000, 0.975]], [[1000, 0.01], [1500, 0.015], [2000, 0.975]]]
C=[[[0.27132, 0.975], [0.40698, 0.015], [0.54263, 0.01]], [[0.04078, 0.975], [0.06117, 0.015], [0.08156, 0.01]], [[0.19605, 0.975], [0.29408, 0.015], [0.39211, 0.01]], [[1.24306, 0.975], [1.8646, 0.015], [2.48613, 0.01]], [[0.77892, 0.975], [1.16839, 0.015], [1.55785, 0.01]], [[22.73677, 0.975], [34.10516, 0.015], [45.47354, 0.01]], [[34.70088, 0.975], [52.05133, 0.015], [69.40177, 0.01]], [[4.04811, 0.975], [6.07217, 0.015], [8.09623, 0.01]], [[4.93638, 0.975], [7.40457, 0.015], [9.87276, 0.01]], [[5.61, 0.975], [8.415, 0.015], [11.22, 0.01]]]

T=[[[5, 0.01], [8, 0.015], [10, 0.975]], [[5, 0.01], [8, 0.015], [10, 0.975]], [[10, 0.01], [15, 0.015], [20, 0.975]], [[10, 0.01], [15, 0.015], [20, 0.975]], [[10, 0.01], [15, 0.015], [20, 0.975]], [[100, 0.01], [150, 0.015], [200, 0.975]], [[100, 0.01], [150, 0.015], [200, 0.975]], [[200, 0.01], [300, 0.015], [400, 0.975]], [[1000, 0.01], [1500, 0.015], [2000, 0.975]], [[1000, 0.01], [1500, 0.015], [2000, 0.975]]]
C=[[[0.04318, 0.975], [0.06478, 0.015], [0.08637, 0.01]], [[0.02792, 0.975], [0.04188, 0.015], [0.05584, 0.01]], [[1.2622, 0.975], [1.8933, 0.015], [2.5244, 0.01]], [[0.3132, 0.975], [0.4698, 0.015], [0.6264, 0.01]], [[3.76, 0.975], [5.64, 0.015], [7.51999, 0.01]], [[0.02213, 0.975], [0.0332, 0.015], [0.04426, 0.01]], [[1.38631, 0.975], [2.07946, 0.015], [2.77262, 0.01]], [[14.36277, 0.975], [21.54416, 0.015], [28.72554, 0.01]], [[5.62267, 0.975], [8.434, 0.015], [11.24534, 0.01]], [[160.71885, 0.975], [241.07828, 0.015], [321.4377, 0.01]]]

T=[[[2, 0.01], [3, 0.015], [4, 0.975]], [[2, 0.01], [3, 0.015], [4, 0.975]], [[2, 0.01], [3, 0.015], [4, 0.975]], [[5, 0.01], [8, 0.015], [10, 0.975]], [[10, 0.01], [15, 0.015], [20, 0.975]], [[20, 0.01], [30, 0.015], [40, 0.975]], [[20, 0.01], [30, 0.015], [40, 0.975]], [[50, 0.01], [75, 0.015], [100, 0.975]], [[1000, 0.01], [1500, 0.015], [2000, 0.975]], [[1000, 0.01], [1500, 0.015], [2000, 0.975]]]
C=[[[0.44662, 0.975], [0.66994, 0.015], [0.89325, 0.01]], [[0.01418, 0.975], [0.02127, 0.015], [0.02836, 0.01]], [[0.25382, 0.975], [0.38073, 0.015], [0.50764, 0.01]], [[0.36163, 0.975], [0.54245, 0.015], [0.72327, 0.01]], [[0.94647, 0.975], [1.41971, 0.015], [1.89295, 0.01]], [[0.27506, 0.975], [0.41258, 0.015], [0.55011, 0.01]], [[0.65312, 0.975], [0.97968, 0.015], [1.30624, 0.01]], [[2.11148, 0.975], [3.16722, 0.015], [4.22296, 0.01]], [[172.66287, 0.975], [258.99431, 0.015], [345.32575, 0.01]], [[14.41301, 0.975], [21.61951, 0.015], [28.82602, 0.01]]]

T=[[[1, 0.01], [2, 0.99]], [[1, 0.01], [2, 0.99]], [[1, 0.01], [2, 0.99]], [[10, 0.01], [15, 0.015], [20, 0.975]], [[10, 0.01], [15, 0.015], [20, 0.975]], [[50, 0.01], [75, 0.015], [100, 0.975]], [[50, 0.01], [75, 0.015], [100, 0.975]], [[100, 0.01], [150, 0.015], [200, 0.975]], [[100, 0.01], [150, 0.015], [200, 0.975]], [[1000, 0.01], [1500, 0.015], [2000, 0.975]]]
C=[[[0.0523, 0.975], [0.07845, 0.015], [0.10459, 0.01]], [[0.0553, 0.975], [0.08295, 0.015], [0.11061, 0.01]], [[0.08417, 0.975], [0.12626, 0.015], [0.16834, 0.01]], [[1.0808, 0.975], [1.6212, 0.015], [2.1616, 0.01]], [[0.53476, 0.975], [0.80214, 0.015], [1.06952, 0.01]], [[1.58196, 0.975], [2.37294, 0.015], [3.16393, 0.01]], [[5.20739, 0.975], [7.81108, 0.015], [10.41478, 0.01]], [[7.85578, 0.975], [11.78367, 0.015], [15.71155, 0.01]], [[1.77271, 0.975], [2.65906, 0.015], [3.54541, 0.01]], [[214.60187, 0.975], [321.9028, 0.015], [429.20374, 0.01]]]

T=[[[1, 0.01], [2, 0.99]], [[2, 0.01], [3, 0.015], [4, 0.975]], [[20, 0.01], [30, 0.015], [40, 0.975]], [[20, 0.01], [30, 0.015], [40, 0.975]], [[50, 0.01], [75, 0.015], [100, 0.975]], [[50, 0.01], [75, 0.015], [100, 0.975]], [[50, 0.01], [75, 0.015], [100, 0.975]], [[50, 0.01], [75, 0.015], [100, 0.975]], [[100, 0.01], [150, 0.015], [200, 0.975]], [[1000, 0.01], [1500, 0.015], [2000, 0.975]]]
C=[[[0.11399, 0.975], [0.17099, 0.015], [0.22799, 0.01]], [[0.01227, 0.975], [0.0184, 0.015], [0.02453, 0.01]], [[2.83905, 0.975], [4.25858, 0.015], [5.6781, 0.01]], [[2.72298, 0.975], [4.08446, 0.015], [5.44595, 0.01]], [[5.13381, 0.975], [7.70072, 0.015], [10.26762, 0.01]], [[4.73894, 0.975], [7.10841, 0.015], [9.47788, 0.01]], [[1.60233, 0.975], [2.40349, 0.015], [3.20466, 0.01]], [[2.31078, 0.975], [3.46616, 0.015], [4.62155, 0.01]], [[9.09289, 0.975], [13.63933, 0.015], [18.18578, 0.01]], [[35.12505, 0.975], [52.68757, 0.015], [70.25009, 0.01]]]

T=[[[1, 0.01], [2, 0.99]], [[1, 0.01], [2, 0.99]], [[2, 0.01], [3, 0.015], [4, 0.975]], [[5, 0.01], [8, 0.015], [10, 0.975]], [[5, 0.01], [8, 0.015], [10, 0.975]], [[10, 0.01], [15, 0.015], [20, 0.975]], [[10, 0.01], [15, 0.015], [20, 0.975]], [[50, 0.01], [75, 0.015], [100, 0.975]], [[100, 0.01], [150, 0.015], [200, 0.975]], [[1000, 0.01], [1500, 0.015], [2000, 0.975]]]
C=[[[0.0607, 0.975], [0.09105, 0.015], [0.1214, 0.01]], [[0.03936, 0.975], [0.05904, 0.015], [0.07872, 0.01]], [[0.18146, 0.975], [0.27219, 0.015], [0.36292, 0.01]], [[0.54826, 0.975], [0.82239, 0.015], [1.09652, 0.01]], [[0.48111, 0.975], [0.72166, 0.015], [0.96221, 0.01]], [[0.76886, 0.975], [1.15329, 0.015], [1.53772, 0.01]], [[0.29436, 0.975], [0.44154, 0.015], [0.58873, 0.01]], [[4.80068, 0.975], [7.20102, 0.015], [9.60136, 0.01]], [[6.64983, 0.975], [9.97474, 0.015], [13.29966, 0.01]], [[134.5073, 0.975], [201.76096, 0.015], [269.01461, 0.01]]]

T=[[[1, 0.01], [2, 0.99]], [[5, 0.01], [8, 0.015], [10, 0.975]], [[5, 0.01], [8, 0.015], [10, 0.975]], [[10, 0.01], [15, 0.015], [20, 0.975]], [[10, 0.01], [15, 0.015], [20, 0.975]], [[20, 0.01], [30, 0.015], [40, 0.975]], [[100, 0.01], [150, 0.015], [200, 0.975]], [[100, 0.01], [150, 0.015], [200, 0.975]], [[200, 0.01], [300, 0.015], [400, 0.975]], [[1000, 0.01], [1500, 0.015], [2000, 0.975]]]
C=[[[0.0041, 0.975], [0.00615, 0.015], [0.0082, 0.01]], [[0.79229, 0.975], [1.18844, 0.015], [1.58459, 0.01]], [[0.05246, 0.975], [0.0787, 0.015], [0.10493, 0.01]], [[0.24669, 0.975], [0.37003, 0.015], [0.49338, 0.01]], [[0.26795, 0.975], [0.40192, 0.015], [0.53589, 0.01]], [[1.12381, 0.975], [1.68571, 0.015], [2.24762, 0.01]], [[0.87796, 0.975], [1.31695, 0.015], [1.75593, 0.01]], [[0.42383, 0.975], [0.63574, 0.015], [0.84765, 0.01]], [[62.80953, 0.975], [94.2143, 0.015], [125.61907, 0.01]], [[192.22905, 0.975], [288.34357, 0.015], [384.45809, 0.01]]]

T=[[[2, 0.01], [3, 0.015], [4, 0.975]], [[2, 0.01], [3, 0.015], [4, 0.975]], [[50, 0.01], [75, 0.015], [100, 0.975]], [[50, 0.01], [75, 0.015], [100, 0.975]], [[200, 0.01], [300, 0.015], [400, 0.975]], [[500, 0.01], [750, 0.015], [1000, 0.975]], [[500, 0.01], [750, 0.015], [1000, 0.975]], [[500, 0.01], [750, 0.015], [1000, 0.975]], [[1000, 0.01], [1500, 0.015], [2000, 0.975]], [[1000, 0.01], [1500, 0.015], [2000, 0.975]]]
C=[[[0.06168, 0.975], [0.09252, 0.015], [0.12336, 0.01]], [[0.03247, 0.975], [0.0487, 0.015], [0.06493, 0.01]], [[3.27526, 0.975], [4.91288, 0.015], [6.55051, 0.01]], [[10.62175, 0.975], [15.93263, 0.015], [21.24351, 0.01]], [[39.01165, 0.975], [58.51748, 0.015], [78.0233, 0.01]], [[1.8949, 0.975], [2.84235, 0.015], [3.7898, 0.01]], [[77.77461, 0.975], [116.66191, 0.015], [155.54922, 0.01]], [[5.85238, 0.975], [8.77857, 0.015], [11.70476, 0.01]], [[10.73543, 0.975], [16.10314, 0.015], [21.47086, 0.01]], [[98.14854, 0.975], [147.22281, 0.015], [196.29708, 0.01]]]

T=[[[2, 0.01], [3, 0.015], [4, 0.975]], [[2, 0.01], [3, 0.015], [4, 0.975]], [[10, 0.01], [15, 0.015], [20, 0.975]], [[20, 0.01], [30, 0.015], [40, 0.975]], [[20, 0.01], [30, 0.015], [40, 0.975]], [[50, 0.01], [75, 0.015], [100, 0.975]], [[200, 0.01], [300, 0.015], [400, 0.975]], [[500, 0.01], [750, 0.015], [1000, 0.975]], [[1000, 0.01], [1500, 0.015], [2000, 0.975]], [[1000, 0.01], [1500, 0.015], [2000, 0.975]]]
C=[[[0.03608, 0.975], [0.05413, 0.015], [0.07217, 0.01]], [[0.22446, 0.975], [0.3367, 0.015], [0.44893, 0.01]], [[0.4306, 0.975], [0.6459, 0.015], [0.8612, 0.01]], [[2.64225, 0.975], [3.96338, 0.015], [5.28451, 0.01]], [[3.81553, 0.975], [5.72329, 0.015], [7.63105, 0.01]], [[2.68566, 0.975], [4.02849, 0.015], [5.37132, 0.01]], [[7.84455, 0.975], [11.76683, 0.015], [15.68911, 0.01]], [[23.72652, 0.975], [35.58978, 0.015], [47.45304, 0.01]], [[110.63772, 0.975], [165.95658, 0.015], [221.27544, 0.01]], [[52.74969, 0.975], [79.12453, 0.015], [105.49937, 0.01]]]

T=[[[1, 0.01], [2, 0.99]], [[1, 0.01], [2, 0.99]], [[2, 0.01], [3, 0.015], [4, 0.975]], [[5, 0.01], [8, 0.015], [10, 0.975]], [[20, 0.01], [30, 0.015], [40, 0.975]], [[50, 0.01], [75, 0.015], [100, 0.975]], [[100, 0.01], [150, 0.015], [200, 0.975]], [[100, 0.01], [150, 0.015], [200, 0.975]], [[200, 0.01], [300, 0.015], [400, 0.975]], [[1000, 0.01], [1500, 0.015], [2000, 0.975]]]
C=[[[0.11835, 0.975], [0.17752, 0.015], [0.23669, 0.01]], [[0.10303, 0.975], [0.15455, 0.015], [0.20606, 0.01]], [[0.08369, 0.975], [0.12554, 0.015], [0.16738, 0.01]], [[0.38459, 0.975], [0.57689, 0.015], [0.76919, 0.01]], [[1.99509, 0.975], [2.99264, 0.015], [3.99018, 0.01]], [[0.55924, 0.975], [0.83886, 0.015], [1.11848, 0.01]], [[11.87499, 0.975], [17.81249, 0.015], [23.74999, 0.01]], [[0.1395, 0.975], [0.20926, 0.015], [0.27901, 0.01]], [[21.92434, 0.975], [32.88651, 0.015], [43.84868, 0.01]], [[119.1524, 0.975], [178.7286, 0.015], [238.3048, 0.01]]]

T=[[[1, 0.01], [2, 0.99]], [[1, 0.01], [2, 0.99]], [[1, 0.01], [2, 0.99]], [[1, 0.01], [2, 0.99]], [[2, 0.01], [3, 0.015], [4, 0.975]], [[10, 0.01], [15, 0.015], [20, 0.975]], [[20, 0.01], [30, 0.015], [40, 0.975]], [[20, 0.01], [30, 0.015], [40, 0.975]], [[200, 0.01], [300, 0.015], [400, 0.975]], [[500, 0.01], [750, 0.015], [1000, 0.975]]]
C=[[[0.10094, 0.975], [0.15141, 0.015], [0.20188, 0.01]], [[0.16483, 0.975], [0.24724, 0.015], [0.32965, 0.01]], [[0.02807, 0.975], [0.0421, 0.015], [0.05614, 0.01]], [[0.0531, 0.975], [0.07965, 0.015], [0.1062, 0.01]], [[0.04944, 0.975], [0.07416, 0.015], [0.09889, 0.01]], [[0.28769, 0.975], [0.43153, 0.015], [0.57538, 0.01]], [[2.7359, 0.975], [4.10384, 0.015], [5.47179, 0.01]], [[0.17831, 0.975], [0.26746, 0.015], [0.35662, 0.01]], [[33.57343, 0.975], [50.36014, 0.015], [67.14685, 0.01]], [[42.99741, 0.975], [64.49612, 0.015], [85.99483, 0.01]]]

T=[[[1, 0.01], [2, 0.99]], [[5, 0.01], [8, 0.015], [10, 0.975]], [[10, 0.01], [15, 0.015], [20, 0.975]], [[20, 0.01], [30, 0.015], [40, 0.975]], [[20, 0.01], [30, 0.015], [40, 0.975]], [[50, 0.01], [75, 0.015], [100, 0.975]], [[100, 0.01], [150, 0.015], [200, 0.975]], [[500, 0.01], [750, 0.015], [1000, 0.975]], [[1000, 0.01], [1500, 0.015], [2000, 0.975]], [[1000, 0.01], [1500, 0.015], [2000, 0.975]]]
C=[[[0.00354, 0.975], [0.00531, 0.015], [0.00708, 0.01]], [[0.69838, 0.975], [1.04757, 0.015], [1.39677, 0.01]], [[0.00164, 0.975], [0.00246, 0.015], [0.00329, 0.01]], [[2.8476, 0.975], [4.27141, 0.015], [5.69521, 0.01]], [[1.02119, 0.975], [1.53178, 0.015], [2.04237, 0.01]], [[0.90544, 0.975], [1.35816, 0.015], [1.81088, 0.01]], [[0.26433, 0.975], [0.39649, 0.015], [0.52866, 0.01]], [[146.17836, 0.975], [219.26755, 0.015], [292.35673, 0.01]], [[59.02469, 0.975], [88.53703, 0.015], [118.04938, 0.01]], [[91.04684, 0.975], [136.57026, 0.015], [182.09368, 0.01]]]

T=[[[2, 0.01], [3, 0.015], [4, 0.975]], [[2, 0.01], [3, 0.015], [4, 0.975]], [[5, 0.01], [8, 0.015], [10, 0.975]], [[10, 0.01], [15, 0.015], [20, 0.975]], [[20, 0.01], [30, 0.015], [40, 0.975]], [[200, 0.01], [300, 0.015], [400, 0.975]], [[500, 0.01], [750, 0.015], [1000, 0.975]], [[1000, 0.01], [1500, 0.015], [2000, 0.975]], [[1000, 0.01], [1500, 0.015], [2000, 0.975]], [[1000, 0.01], [1500, 0.015], [2000, 0.975]]]
C=[[[0.46966, 0.975], [0.70449, 0.015], [0.93931, 0.01]], [[0.19992, 0.975], [0.29987, 0.015], [0.39983, 0.01]], [[0.96782, 0.975], [1.45173, 0.015], [1.93563, 0.01]], [[0.24346, 0.975], [0.36519, 0.015], [0.48692, 0.01]], [[0.2698, 0.975], [0.40471, 0.015], [0.53961, 0.01]], [[10.27124, 0.975], [15.40685, 0.015], [20.54247, 0.01]], [[8.67985, 0.975], [13.01977, 0.015], [17.35969, 0.01]], [[23.38363, 0.975], [35.07544, 0.015], [46.76725, 0.01]], [[41.08515, 0.975], [61.62773, 0.015], [82.17031, 0.01]], [[100.6296, 0.975], [150.9444, 0.015], [201.2592, 0.01]]]

T=[[[1, 0.01], [2, 0.99]], [[1, 0.01], [2, 0.99]], [[1, 0.01], [2, 0.99]], [[2, 0.01], [3, 0.015], [4, 0.975]], [[2, 0.01], [3, 0.015], [4, 0.975]], [[5, 0.01], [8, 0.015], [10, 0.975]], [[10, 0.01], [15, 0.015], [20, 0.975]], [[10, 0.01], [15, 0.015], [20, 0.975]], [[100, 0.01], [150, 0.015], [200, 0.975]], [[500, 0.01], [750, 0.015], [1000, 0.975]]]
C=[[[0.0033, 0.975], [0.00494, 0.015], [0.00659, 0.01]], [[0.00148, 0.975], [0.00223, 0.015], [0.00297, 0.01]], [[0.00988, 0.975], [0.01482, 0.015], [0.01977, 0.01]], [[0.13121, 0.975], [0.19682, 0.015], [0.26242, 0.01]], [[0.12175, 0.975], [0.18263, 0.015], [0.24351, 0.01]], [[0.62819, 0.975], [0.94229, 0.015], [1.25639, 0.01]], [[0.70943, 0.975], [1.06414, 0.015], [1.41886, 0.01]], [[4.22178, 0.975], [6.33267, 0.015], [8.44356, 0.01]], [[2.23995, 0.975], [3.35993, 0.015], [4.47991, 0.01]], [[8.84794, 0.975], [13.27192, 0.015], [17.69589, 0.01]]]

T=[[[2, 0.01], [3, 0.015], [4, 0.975]], [[2, 0.01], [3, 0.015], [4, 0.975]], [[5, 0.01], [8, 0.015], [10, 0.975]], [[5, 0.01], [8, 0.015], [10, 0.975]], [[10, 0.01], [15, 0.015], [20, 0.975]], [[10, 0.01], [15, 0.015], [20, 0.975]], [[20, 0.01], [30, 0.015], [40, 0.975]], [[100, 0.01], [150, 0.015], [200, 0.975]], [[100, 0.01], [150, 0.015], [200, 0.975]], [[1000, 0.01], [1500, 0.015], [2000, 0.975]]]
C=[[[0.57631, 0.975], [0.86446, 0.015], [1.15261, 0.01]], [[0.07317, 0.975], [0.10975, 0.015], [0.14633, 0.01]], [[0.35642, 0.975], [0.53463, 0.015], [0.71284, 0.01]], [[0.07693, 0.975], [0.1154, 0.015], [0.15387, 0.01]], [[1.46215, 0.975], [2.19322, 0.015], [2.9243, 0.01]], [[1.13977, 0.975], [1.70966, 0.015], [2.27954, 0.01]], [[0.58052, 0.975], [0.87078, 0.015], [1.16105, 0.01]], [[2.75779, 0.975], [4.13669, 0.015], [5.51558, 0.01]], [[6.90186, 0.975], [10.35279, 0.015], [13.80372, 0.01]], [[2.779, 0.975], [4.1685, 0.015], [5.558, 0.01]]]

T=[[[5, 0.01], [8, 0.015], [10, 0.975]], [[5, 0.01], [8, 0.015], [10, 0.975]], [[10, 0.01], [15, 0.015], [20, 0.975]], [[20, 0.01], [30, 0.015], [40, 0.975]], [[50, 0.01], [75, 0.015], [100, 0.975]], [[50, 0.01], [75, 0.015], [100, 0.975]], [[100, 0.01], [150, 0.015], [200, 0.975]], [[500, 0.01], [750, 0.015], [1000, 0.975]], [[500, 0.01], [750, 0.015], [1000, 0.975]], [[1000, 0.01], [1500, 0.015], [2000, 0.975]]]
C=[[[0.19119, 0.975], [0.28679, 0.015], [0.38239, 0.01]], [[0.68792, 0.975], [1.03188, 0.015], [1.37584, 0.01]], [[0.90473, 0.975], [1.3571, 0.015], [1.80947, 0.01]], [[0.21558, 0.975], [0.32337, 0.015], [0.43117, 0.01]], [[0.87893, 0.975], [1.3184, 0.015], [1.75786, 0.01]], [[0.39282, 0.975], [0.58923, 0.015], [0.78565, 0.01]], [[33.97669, 0.975], [50.96504, 0.015], [67.95339, 0.01]], [[59.07466, 0.975], [88.61199, 0.015], [118.14932, 0.01]], [[16.88561, 0.975], [25.32842, 0.015], [33.77123, 0.01]], [[5.8024, 0.975], [8.70361, 0.015], [11.60481, 0.01]]]

T=[[[2, 0.01], [3, 0.015], [4, 0.975]], [[5, 0.01], [8, 0.015], [10, 0.975]], [[10, 0.01], [15, 0.015], [20, 0.975]], [[20, 0.01], [30, 0.015], [40, 0.975]], [[20, 0.01], [30, 0.015], [40, 0.975]], [[50, 0.01], [75, 0.015], [100, 0.975]], [[100, 0.01], [150, 0.015], [200, 0.975]], [[500, 0.01], [750, 0.015], [1000, 0.975]], [[500, 0.01], [750, 0.015], [1000, 0.975]], [[1000, 0.01], [1500, 0.015], [2000, 0.975]]]
C=[[[0.0548, 0.975], [0.08221, 0.015], [0.10961, 0.01]], [[0.08683, 0.975], [0.13024, 0.015], [0.17366, 0.01]], [[1.34895, 0.975], [2.02342, 0.015], [2.6979, 0.01]], [[2.41436, 0.975], [3.62154, 0.015], [4.82873, 0.01]], [[2.95309, 0.975], [4.42963, 0.015], [5.90618, 0.01]], [[2.873, 0.975], [4.3095, 0.015], [5.746, 0.01]], [[15.27844, 0.975], [22.91766, 0.015], [30.55688, 0.01]], [[26.70307, 0.975], [40.05461, 0.015], [53.40614, 0.01]], [[31.21654, 0.975], [46.82481, 0.015], [62.43308, 0.01]], [[25.88126, 0.975], [38.82188, 0.015], [51.76251, 0.01]]]

T=[[[1, 0.01], [2, 0.99]], [[1, 0.01], [2, 0.99]], [[2, 0.01], [3, 0.015], [4, 0.975]], [[5, 0.01], [8, 0.015], [10, 0.975]], [[10, 0.01], [15, 0.015], [20, 0.975]], [[50, 0.01], [75, 0.015], [100, 0.975]], [[100, 0.01], [150, 0.015], [200, 0.975]], [[100, 0.01], [150, 0.015], [200, 0.975]], [[200, 0.01], [300, 0.015], [400, 0.975]], [[500, 0.01], [750, 0.015], [1000, 0.975]]]
C=[[[0.20977, 0.975], [0.31465, 0.015], [0.41954, 0.01]], [[0.11949, 0.975], [0.17923, 0.015], [0.23898, 0.01]], [[0.10161, 0.975], [0.15241, 0.015], [0.20322, 0.01]], [[0.23338, 0.975], [0.35007, 0.015], [0.46676, 0.01]], [[1.86376, 0.975], [2.79564, 0.015], [3.72752, 0.01]], [[3.72571, 0.975], [5.58857, 0.015], [7.45142, 0.01]], [[2.25325, 0.975], [3.37988, 0.015], [4.5065, 0.01]], [[2.89699, 0.975], [4.34549, 0.015], [5.79399, 0.01]], [[1.15349, 0.975], [1.73024, 0.015], [2.30698, 0.01]], [[27.55159, 0.975], [41.32738, 0.015], [55.10317, 0.01]]]

T=[[[1, 0.01], [2, 0.99]], [[1, 0.01], [2, 0.99]], [[20, 0.01], [30, 0.015], [40, 0.975]], [[20, 0.01], [30, 0.015], [40, 0.975]], [[50, 0.01], [75, 0.015], [100, 0.975]], [[500, 0.01], [750, 0.015], [1000, 0.975]], [[1000, 0.01], [1500, 0.015], [2000, 0.975]], [[1000, 0.01], [1500, 0.015], [2000, 0.975]], [[1000, 0.01], [1500, 0.015], [2000, 0.975]], [[1000, 0.01], [1500, 0.015], [2000, 0.975]]]
C=[[[0.2283, 0.975], [0.34246, 0.015], [0.45661, 0.01]], [[0.09879, 0.975], [0.14818, 0.015], [0.19758, 0.01]], [[0.23881, 0.975], [0.35822, 0.015], [0.47762, 0.01]], [[0.36364, 0.975], [0.54546, 0.015], [0.72728, 0.01]], [[2.5327, 0.975], [3.79905, 0.015], [5.06541, 0.01]], [[160.07207, 0.975], [240.1081, 0.015], [320.14413, 0.01]], [[45.95606, 0.975], [68.93409, 0.015], [91.91211, 0.01]], [[16.16425, 0.975], [24.24638, 0.015], [32.3285, 0.01]], [[9.6677, 0.975], [14.50155, 0.015], [19.3354, 0.01]], [[0.19795, 0.975], [0.29692, 0.015], [0.3959, 0.01]]]

T=[[[2, 0.01], [3, 0.015], [4, 0.975]], [[5, 0.01], [8, 0.015], [10, 0.975]], [[20, 0.01], [30, 0.015], [40, 0.975]], [[20, 0.01], [30, 0.015], [40, 0.975]], [[50, 0.01], [75, 0.015], [100, 0.975]], [[50, 0.01], [75, 0.015], [100, 0.975]], [[100, 0.01], [150, 0.015], [200, 0.975]], [[200, 0.01], [300, 0.015], [400, 0.975]], [[500, 0.01], [750, 0.015], [1000, 0.975]], [[1000, 0.01], [1500, 0.015], [2000, 0.975]]]
C=[[[0.12198, 0.975], [0.18297, 0.015], [0.24396, 0.01]], [[0.22327, 0.975], [0.3349, 0.015], [0.44654, 0.01]], [[3.93248, 0.975], [5.89872, 0.015], [7.86496, 0.01]], [[0.15109, 0.975], [0.22663, 0.015], [0.30218, 0.01]], [[2.44557, 0.975], [3.66835, 0.015], [4.89114, 0.01]], [[2.40756, 0.975], [3.61134, 0.015], [4.81511, 0.01]], [[18.26395, 0.975], [27.39592, 0.015], [36.52789, 0.01]], [[0.17025, 0.975], [0.25537, 0.015], [0.3405, 0.01]], [[21.072, 0.975], [31.608, 0.015], [42.144, 0.01]], [[167.48078, 0.975], [251.22117, 0.015], [334.96156, 0.01]]]

T=[[[1, 0.01], [2, 0.99]], [[2, 0.01], [3, 0.015], [4, 0.975]], [[5, 0.01], [8, 0.015], [10, 0.975]], [[10, 0.01], [15, 0.015], [20, 0.975]], [[50, 0.01], [75, 0.015], [100, 0.975]], [[200, 0.01], [300, 0.015], [400, 0.975]], [[200, 0.01], [300, 0.015], [400, 0.975]], [[500, 0.01], [750, 0.015], [1000, 0.975]], [[500, 0.01], [750, 0.015], [1000, 0.975]], [[1000, 0.01], [1500, 0.015], [2000, 0.975]]]
C=[[[0.09524, 0.975], [0.14287, 0.015], [0.19049, 0.01]], [[0.06814, 0.975], [0.10221, 0.015], [0.13628, 0.01]], [[0.3874, 0.975], [0.58109, 0.015], [0.77479, 0.01]], [[0.56725, 0.975], [0.85088, 0.015], [1.1345, 0.01]], [[0.67558, 0.975], [1.01337, 0.015], [1.35116, 0.01]], [[42.94518, 0.975], [64.41777, 0.015], [85.89037, 0.01]], [[37.81267, 0.975], [56.71901, 0.015], [75.62534, 0.01]], [[3.11893, 0.975], [4.67839, 0.015], [6.23785, 0.01]], [[0.01197, 0.975], [0.01796, 0.015], [0.02394, 0.01]], [[112.91795, 0.975], [169.37693, 0.015], [225.83591, 0.01]]]

T=[[[1, 0.01], [2, 0.99]], [[5, 0.01], [8, 0.015], [10, 0.975]], [[5, 0.01], [8, 0.015], [10, 0.975]], [[50, 0.01], [75, 0.015], [100, 0.975]], [[50, 0.01], [75, 0.015], [100, 0.975]], [[100, 0.01], [150, 0.015], [200, 0.975]], [[200, 0.01], [300, 0.015], [400, 0.975]], [[1000, 0.01], [1500, 0.015], [2000, 0.975]], [[1000, 0.01], [1500, 0.015], [2000, 0.975]], [[1000, 0.01], [1500, 0.015], [2000, 0.975]]]
C=[[[0.02545, 0.975], [0.03818, 0.015], [0.05091, 0.01]], [[0.29289, 0.975], [0.43933, 0.015], [0.58577, 0.01]], [[0.00145, 0.975], [0.00217, 0.015], [0.00289, 0.01]], [[2.23547, 0.975], [3.35321, 0.015], [4.47094, 0.01]], [[3.64353, 0.975], [5.46529, 0.015], [7.28705, 0.01]], [[3.09693, 0.975], [4.64539, 0.015], [6.19385, 0.01]], [[4.00895, 0.975], [6.01343, 0.015], [8.01791, 0.01]], [[386.83718, 0.975], [580.25577, 0.015], [773.67437, 0.01]], [[104.07388, 0.975], [156.11082, 0.015], [208.14776, 0.01]], [[56.17377, 0.975], [84.26065, 0.015], [112.34754, 0.01]]]

T=[[[1, 0.01], [2, 0.99]], [[1, 0.01], [2, 0.99]], [[1, 0.01], [2, 0.99]], [[2, 0.01], [3, 0.015], [4, 0.975]], [[5, 0.01], [8, 0.015], [10, 0.975]], [[10, 0.01], [15, 0.015], [20, 0.975]], [[100, 0.01], [150, 0.015], [200, 0.975]], [[100, 0.01], [150, 0.015], [200, 0.975]], [[500, 0.01], [750, 0.015], [1000, 0.975]], [[500, 0.01], [750, 0.015], [1000, 0.975]]]
C=[[[0.07125, 0.975], [0.10687, 0.015], [0.1425, 0.01]], [[0.13242, 0.975], [0.19864, 0.015], [0.26485, 0.01]], [[0.1278, 0.975], [0.19171, 0.015], [0.25561, 0.01]], [[0.24595, 0.975], [0.36893, 0.015], [0.49191, 0.01]], [[0.09522, 0.975], [0.14283, 0.015], [0.19044, 0.01]], [[1.71225, 0.975], [2.56838, 0.015], [3.42451, 0.01]], [[4.58521, 0.975], [6.87781, 0.015], [9.17042, 0.01]], [[3.27129, 0.975], [4.90693, 0.015], [6.54258, 0.01]], [[33.21131, 0.975], [49.81697, 0.015], [66.42262, 0.01]], [[5.14561, 0.975], [7.71841, 0.015], [10.29122, 0.01]]]

T=[[[1, 0.01], [2, 0.99]], [[1, 0.01], [2, 0.99]], [[2, 0.01], [3, 0.015], [4, 0.975]], [[5, 0.01], [8, 0.015], [10, 0.975]], [[5, 0.01], [8, 0.015], [10, 0.975]], [[20, 0.01], [30, 0.015], [40, 0.975]], [[50, 0.01], [75, 0.015], [100, 0.975]], [[100, 0.01], [150, 0.015], [200, 0.975]], [[500, 0.01], [750, 0.015], [1000, 0.975]], [[1000, 0.01], [1500, 0.015], [2000, 0.975]]]
C=[[[0.03926, 0.975], [0.05889, 0.015], [0.07852, 0.01]], [[0.00713, 0.975], [0.0107, 0.015], [0.01427, 0.01]], [[0.23158, 0.975], [0.34737, 0.015], [0.46315, 0.01]], [[0.88031, 0.975], [1.32047, 0.015], [1.76062, 0.01]], [[1.58214, 0.975], [2.37321, 0.015], [3.16429, 0.01]], [[1.34028, 0.975], [2.01043, 0.015], [2.68057, 0.01]], [[1.13161, 0.975], [1.69741, 0.015], [2.26322, 0.01]], [[1.22766, 0.975], [1.84149, 0.015], [2.45533, 0.01]], [[10.92693, 0.975], [16.3904, 0.015], [21.85386, 0.01]], [[21.55031, 0.975], [32.32547, 0.015], [43.10062, 0.01]]]

T=[[[1, 0.01], [2, 0.99]], [[2, 0.01], [3, 0.015], [4, 0.975]], [[2, 0.01], [3, 0.015], [4, 0.975]], [[5, 0.01], [8, 0.015], [10, 0.975]], [[10, 0.01], [15, 0.015], [20, 0.975]], [[20, 0.01], [30, 0.015], [40, 0.975]], [[200, 0.01], [300, 0.015], [400, 0.975]], [[500, 0.01], [750, 0.015], [1000, 0.975]], [[500, 0.01], [750, 0.015], [1000, 0.975]], [[1000, 0.01], [1500, 0.015], [2000, 0.975]]]
C=[[[0.11421, 0.975], [0.17132, 0.015], [0.22843, 0.01]], [[0.08556, 0.975], [0.12833, 0.015], [0.17111, 0.01]], [[0.05369, 0.975], [0.08053, 0.015], [0.10737, 0.01]], [[0.46631, 0.975], [0.69947, 0.015], [0.93262, 0.01]], [[0.4422, 0.975], [0.6633, 0.015], [0.8844, 0.01]], [[3.03776, 0.975], [4.55663, 0.015], [6.07551, 0.01]], [[5.73801, 0.975], [8.60702, 0.015], [11.47603, 0.01]], [[52.85636, 0.975], [79.28454, 0.015], [105.71272, 0.01]], [[14.36791, 0.975], [21.55187, 0.015], [28.73582, 0.01]], [[163.65722, 0.975], [245.48582, 0.015], [327.31443, 0.01]]]

T=[[[1, 0.01], [2, 0.99]], [[10, 0.01], [15, 0.015], [20, 0.975]], [[20, 0.01], [30, 0.015], [40, 0.975]], [[20, 0.01], [30, 0.015], [40, 0.975]], [[50, 0.01], [75, 0.015], [100, 0.975]], [[50, 0.01], [75, 0.015], [100, 0.975]], [[100, 0.01], [150, 0.015], [200, 0.975]], [[100, 0.01], [150, 0.015], [200, 0.975]], [[200, 0.01], [300, 0.015], [400, 0.975]], [[500, 0.01], [750, 0.015], [1000, 0.975]]]
C=[[[0.05711, 0.975], [0.08567, 0.015], [0.11422, 0.01]], [[0.01811, 0.975], [0.02717, 0.015], [0.03623, 0.01]], [[7.45589, 0.975], [11.18384, 0.015], [14.91178, 0.01]], [[0.11849, 0.975], [0.17773, 0.015], [0.23697, 0.01]], [[6.14184, 0.975], [9.21276, 0.015], [12.28368, 0.01]], [[2.75055, 0.975], [4.12583, 0.015], [5.5011, 0.01]], [[2.90265, 0.975], [4.35398, 0.015], [5.80531, 0.01]], [[2.41703, 0.975], [3.62554, 0.015], [4.83406, 0.01]], [[19.40253, 0.975], [29.1038, 0.015], [38.80507, 0.01]], [[17.15081, 0.975], [25.72621, 0.015], [34.30162, 0.01]]]

T=[[[1, 0.01], [2, 0.99]], [[10, 0.01], [15, 0.015], [20, 0.975]], [[50, 0.01], [75, 0.015], [100, 0.975]], [[50, 0.01], [75, 0.015], [100, 0.975]], [[200, 0.01], [300, 0.015], [400, 0.975]], [[200, 0.01], [300, 0.015], [400, 0.975]], [[200, 0.01], [300, 0.015], [400, 0.975]], [[200, 0.01], [300, 0.015], [400, 0.975]], [[200, 0.01], [300, 0.015], [400, 0.975]], [[1000, 0.01], [1500, 0.015], [2000, 0.975]]]
C=[[[0.00412, 0.975], [0.00619, 0.015], [0.00825, 0.01]], [[0.21749, 0.975], [0.32623, 0.015], [0.43497, 0.01]], [[1.39068, 0.975], [2.08602, 0.015], [2.78136, 0.01]], [[0.86488, 0.975], [1.29733, 0.015], [1.72977, 0.01]], [[56.2006, 0.975], [84.30089, 0.015], [112.40119, 0.01]], [[7.97406, 0.975], [11.9611, 0.015], [15.94813, 0.01]], [[12.25059, 0.975], [18.37589, 0.015], [24.50118, 0.01]], [[18.72663, 0.975], [28.08995, 0.015], [37.45327, 0.01]], [[15.90617, 0.975], [23.85925, 0.015], [31.81234, 0.01]], [[173.72499, 0.975], [260.58748, 0.015], [347.44997, 0.01]]]

T=[[[2, 0.01], [3, 0.015], [4, 0.975]], [[2, 0.01], [3, 0.015], [4, 0.975]], [[2, 0.01], [3, 0.015], [4, 0.975]], [[2, 0.01], [3, 0.015], [4, 0.975]], [[5, 0.01], [8, 0.015], [10, 0.975]], [[5, 0.01], [8, 0.015], [10, 0.975]], [[5, 0.01], [8, 0.015], [10, 0.975]], [[10, 0.01], [15, 0.015], [20, 0.975]], [[100, 0.01], [150, 0.015], [200, 0.975]], [[200, 0.01], [300, 0.015], [400, 0.975]]]
C=[[[0.40983, 0.975], [0.61474, 0.015], [0.81966, 0.01]], [[0.2281, 0.975], [0.34216, 0.015], [0.45621, 0.01]], [[0.10112, 0.975], [0.15169, 0.015], [0.20225, 0.01]], [[0.25961, 0.975], [0.38941, 0.015], [0.51921, 0.01]], [[0.09852, 0.975], [0.14778, 0.015], [0.19704, 0.01]], [[0.14833, 0.975], [0.2225, 0.015], [0.29667, 0.01]], [[0.03438, 0.975], [0.05157, 0.015], [0.06877, 0.01]], [[1.21558, 0.975], [1.82337, 0.015], [2.43116, 0.01]], [[4.28686, 0.975], [6.43028, 0.015], [8.57371, 0.01]], [[15.99898, 0.975], [23.99847, 0.015], [31.99797, 0.01]]]

T=[[[2, 0.01], [3, 0.015], [4, 0.975]], [[5, 0.01], [8, 0.015], [10, 0.975]], [[5, 0.01], [8, 0.015], [10, 0.975]], [[20, 0.01], [30, 0.015], [40, 0.975]], [[20, 0.01], [30, 0.015], [40, 0.975]], [[100, 0.01], [150, 0.015], [200, 0.975]], [[200, 0.01], [300, 0.015], [400, 0.975]], [[500, 0.01], [750, 0.015], [1000, 0.975]], [[500, 0.01], [750, 0.015], [1000, 0.975]], [[500, 0.01], [750, 0.015], [1000, 0.975]]]
C=[[[0.1857, 0.975], [0.27855, 0.015], [0.3714, 0.01]], [[0.27367, 0.975], [0.41051, 0.015], [0.54735, 0.01]], [[0.53214, 0.975], [0.79821, 0.015], [1.06429, 0.01]], [[3.10312, 0.975], [4.65468, 0.015], [6.20624, 0.01]], [[0.05462, 0.975], [0.08194, 0.015], [0.10925, 0.01]], [[4.99589, 0.975], [7.49384, 0.015], [9.99178, 0.01]], [[44.5054, 0.975], [66.7581, 0.015], [89.0108, 0.01]], [[10.49666, 0.975], [15.74499, 0.015], [20.99332, 0.01]], [[40.85401, 0.975], [61.28102, 0.015], [81.70803, 0.01]], [[6.45642, 0.975], [9.68464, 0.015], [12.91285, 0.01]]]

T=[[[1, 0.01], [2, 0.99]], [[1, 0.01], [2, 0.99]], [[2, 0.01], [3, 0.015], [4, 0.975]], [[2, 0.01], [3, 0.015], [4, 0.975]], [[2, 0.01], [3, 0.015], [4, 0.975]], [[10, 0.01], [15, 0.015], [20, 0.975]], [[50, 0.01], [75, 0.015], [100, 0.975]], [[500, 0.01], [750, 0.015], [1000, 0.975]], [[500, 0.01], [750, 0.015], [1000, 0.975]], [[1000, 0.01], [1500, 0.015], [2000, 0.975]]]
C=[[[0.01627, 0.975], [0.02441, 0.015], [0.03255, 0.01]], [[0.015, 0.975], [0.0225, 0.015], [0.03, 0.01]], [[0.04697, 0.975], [0.07046, 0.015], [0.09395, 0.01]], [[0.04928, 0.975], [0.07393, 0.015], [0.09857, 0.01]], [[0.21737, 0.975], [0.32605, 0.015], [0.43474, 0.01]], [[1.07076, 0.975], [1.60614, 0.015], [2.14152, 0.01]], [[7.32034, 0.975], [10.98051, 0.015], [14.64068, 0.01]], [[138.92798, 0.975], [208.39197, 0.015], [277.85595, 0.01]], [[26.10647, 0.975], [39.1597, 0.015], [52.21294, 0.01]], [[28.3609, 0.975], [42.54135, 0.015], [56.7218, 0.01]]]

T=[[[5, 0.01], [8, 0.015], [10, 0.975]], [[10, 0.01], [15, 0.015], [20, 0.975]], [[10, 0.01], [15, 0.015], [20, 0.975]], [[20, 0.01], [30, 0.015], [40, 0.975]], [[20, 0.01], [30, 0.015], [40, 0.975]], [[50, 0.01], [75, 0.015], [100, 0.975]], [[100, 0.01], [150, 0.015], [200, 0.975]], [[200, 0.01], [300, 0.015], [400, 0.975]], [[200, 0.01], [300, 0.015], [400, 0.975]], [[200, 0.01], [300, 0.015], [400, 0.975]]]
C=[[[0.37185, 0.975], [0.55777, 0.015], [0.7437, 0.01]], [[0.56993, 0.975], [0.85489, 0.015], [1.13986, 0.01]], [[0.10903, 0.975], [0.16355, 0.015], [0.21807, 0.01]], [[0.85326, 0.975], [1.27989, 0.015], [1.70652, 0.01]], [[1.04438, 0.975], [1.56657, 0.015], [2.08876, 0.01]], [[4.84333, 0.975], [7.265, 0.015], [9.68667, 0.01]], [[10.40956, 0.975], [15.61433, 0.015], [20.81911, 0.01]], [[19.21584, 0.975], [28.82375, 0.015], [38.43167, 0.01]], [[53.09225, 0.975], [79.63838, 0.015], [106.1845, 0.01]], [[0.06988, 0.975], [0.10483, 0.015], [0.13977, 0.01]]]

T=[[[2, 0.01], [3, 0.015], [4, 0.975]], [[10, 0.01], [15, 0.015], [20, 0.975]], [[20, 0.01], [30, 0.015], [40, 0.975]], [[50, 0.01], [75, 0.015], [100, 0.975]], [[50, 0.01], [75, 0.015], [100, 0.975]], [[100, 0.01], [150, 0.015], [200, 0.975]], [[200, 0.01], [300, 0.015], [400, 0.975]], [[200, 0.01], [300, 0.015], [400, 0.975]], [[1000, 0.01], [1500, 0.015], [2000, 0.975]], [[1000, 0.01], [1500, 0.015], [2000, 0.975]]]
C=[[[0.69865, 0.975], [1.04797, 0.015], [1.3973, 0.01]], [[0.5409, 0.975], [0.81135, 0.015], [1.0818, 0.01]], [[0.32214, 0.975], [0.48321, 0.015], [0.64427, 0.01]], [[1.32525, 0.975], [1.98787, 0.015], [2.6505, 0.01]], [[5.24566, 0.975], [7.8685, 0.015], [10.49133, 0.01]], [[6.53781, 0.975], [9.80672, 0.015], [13.07562, 0.01]], [[7.15347, 0.975], [10.7302, 0.015], [14.30693, 0.01]], [[3.07234, 0.975], [4.60851, 0.015], [6.14468, 0.01]], [[100.64385, 0.975], [150.96578, 0.015], [201.28771, 0.01]], [[31.90889, 0.975], [47.86334, 0.015], [63.81778, 0.01]]]

T=[[[2, 0.01], [3, 0.015], [4, 0.975]], [[5, 0.01], [8, 0.015], [10, 0.975]], [[5, 0.01], [8, 0.015], [10, 0.975]], [[5, 0.01], [8, 0.015], [10, 0.975]], [[10, 0.01], [15, 0.015], [20, 0.975]], [[20, 0.01], [30, 0.015], [40, 0.975]], [[500, 0.01], [750, 0.015], [1000, 0.975]], [[1000, 0.01], [1500, 0.015], [2000, 0.975]], [[1000, 0.01], [1500, 0.015], [2000, 0.975]], [[1000, 0.01], [1500, 0.015], [2000, 0.975]]]
C=[[[0.50226, 0.975], [0.75338, 0.015], [1.00451, 0.01]], [[0.73168, 0.975], [1.09752, 0.015], [1.46335, 0.01]], [[0.13645, 0.975], [0.20468, 0.015], [0.27291, 0.01]], [[0.1397, 0.975], [0.20955, 0.015], [0.2794, 0.01]], [[0.30449, 0.975], [0.45673, 0.015], [0.60898, 0.01]], [[0.92822, 0.975], [1.39233, 0.015], [1.85644, 0.01]], [[26.07214, 0.975], [39.10822, 0.015], [52.14429, 0.01]], [[95.76419, 0.975], [143.64629, 0.015], [191.52839, 0.01]], [[3.49931, 0.975], [5.24896, 0.015], [6.99861, 0.01]], [[119.03779, 0.975], [178.55668, 0.015], [238.07557, 0.01]]]

T=[[[1, 0.01], [2, 0.99]], [[1, 0.01], [2, 0.99]], [[2, 0.01], [3, 0.015], [4, 0.975]], [[50, 0.01], [75, 0.015], [100, 0.975]], [[50, 0.01], [75, 0.015], [100, 0.975]], [[100, 0.01], [150, 0.015], [200, 0.975]], [[200, 0.01], [300, 0.015], [400, 0.975]], [[200, 0.01], [300, 0.015], [400, 0.975]], [[200, 0.01], [300, 0.015], [400, 0.975]], [[1000, 0.01], [1500, 0.015], [2000, 0.975]]]
C=[[[0.05968, 0.975], [0.08952, 0.015], [0.11936, 0.01]], [[0.02627, 0.975], [0.0394, 0.015], [0.05254, 0.01]], [[0.10634, 0.975], [0.15951, 0.015], [0.21267, 0.01]], [[1.74641, 0.975], [2.61962, 0.015], [3.49282, 0.01]], [[10.40218, 0.975], [15.60327, 0.015], [20.80435, 0.01]], [[3.57325, 0.975], [5.35988, 0.015], [7.14651, 0.01]], [[17.97613, 0.975], [26.9642, 0.015], [35.95227, 0.01]], [[1.8979, 0.975], [2.84684, 0.015], [3.79579, 0.01]], [[0.23968, 0.975], [0.35952, 0.015], [0.47936, 0.01]], [[281.6102, 0.975], [422.4153, 0.015], [563.2204, 0.01]]]

T=[[[1, 0.01], [2, 0.99]], [[2, 0.01], [3, 0.015], [4, 0.975]], [[2, 0.01], [3, 0.015], [4, 0.975]], [[2, 0.01], [3, 0.015], [4, 0.975]], [[20, 0.01], [30, 0.015], [40, 0.975]], [[50, 0.01], [75, 0.015], [100, 0.975]], [[50, 0.01], [75, 0.015], [100, 0.975]], [[50, 0.01], [75, 0.015], [100, 0.975]], [[50, 0.01], [75, 0.015], [100, 0.975]], [[100, 0.01], [150, 0.015], [200, 0.975]]]
C=[[[0.11197, 0.975], [0.16795, 0.015], [0.22394, 0.01]], [[0.19113, 0.975], [0.2867, 0.015], [0.38227, 0.01]], [[0.0365, 0.975], [0.05475, 0.015], [0.073, 0.01]], [[0.09706, 0.975], [0.1456, 0.015], [0.19413, 0.01]], [[1.4163, 0.975], [2.12444, 0.015], [2.83259, 0.01]], [[4.34008, 0.975], [6.51012, 0.015], [8.68016, 0.01]], [[0.05857, 0.975], [0.08786, 0.015], [0.11715, 0.01]], [[3.23309, 0.975], [4.84964, 0.015], [6.46618, 0.01]], [[7.85554, 0.975], [11.78331, 0.015], [15.71108, 0.01]], [[14.51226, 0.975], [21.76839, 0.015], [29.02452, 0.01]]]

T=[[[2, 0.01], [3, 0.015], [4, 0.975]], [[2, 0.01], [3, 0.015], [4, 0.975]], [[2, 0.01], [3, 0.015], [4, 0.975]], [[5, 0.01], [8, 0.015], [10, 0.975]], [[5, 0.01], [8, 0.015], [10, 0.975]], [[20, 0.01], [30, 0.015], [40, 0.975]], [[50, 0.01], [75, 0.015], [100, 0.975]], [[50, 0.01], [75, 0.015], [100, 0.975]], [[200, 0.01], [300, 0.015], [400, 0.975]], [[500, 0.01], [750, 0.015], [1000, 0.975]]]
C=[[[0.09862, 0.975], [0.14792, 0.015], [0.19723, 0.01]], [[0.10341, 0.975], [0.15512, 0.015], [0.20682, 0.01]], [[0.17578, 0.975], [0.26367, 0.015], [0.35156, 0.01]], [[1.03641, 0.975], [1.55461, 0.015], [2.07281, 0.01]], [[0.9757, 0.975], [1.46355, 0.015], [1.9514, 0.01]], [[2.114, 0.975], [3.171, 0.015], [4.228, 0.01]], [[2.66973, 0.975], [4.00459, 0.015], [5.33945, 0.01]], [[0.33925, 0.975], [0.50888, 0.015], [0.67851, 0.01]], [[7.74117, 0.975], [11.61175, 0.015], [15.48233, 0.01]], [[2.04429, 0.975], [3.06644, 0.015], [4.08858, 0.01]]]

T=[[[1, 0.01], [2, 0.99]], [[2, 0.01], [3, 0.015], [4, 0.975]], [[2, 0.01], [3, 0.015], [4, 0.975]], [[10, 0.01], [15, 0.015], [20, 0.975]], [[10, 0.01], [15, 0.015], [20, 0.975]], [[20, 0.01], [30, 0.015], [40, 0.975]], [[50, 0.01], [75, 0.015], [100, 0.975]], [[100, 0.01], [150, 0.015], [200, 0.975]], [[200, 0.01], [300, 0.015], [400, 0.975]], [[500, 0.01], [750, 0.015], [1000, 0.975]]]
C=[[[0.00272, 0.975], [0.00408, 0.015], [0.00544, 0.01]], [[0.03954, 0.975], [0.05931, 0.015], [0.07908, 0.01]], [[0.14286, 0.975], [0.21429, 0.015], [0.28572, 0.01]], [[1.45808, 0.975], [2.18711, 0.015], [2.91615, 0.01]], [[0.09965, 0.975], [0.14947, 0.015], [0.1993, 0.01]], [[5.48807, 0.975], [8.23211, 0.015], [10.97615, 0.01]], [[3.23417, 0.975], [4.85125, 0.015], [6.46833, 0.01]], [[3.60623, 0.975], [5.40935, 0.015], [7.21247, 0.01]], [[23.6279, 0.975], [35.44185, 0.015], [47.2558, 0.01]], [[28.50937, 0.975], [42.76406, 0.015], [57.01874, 0.01]]]

T=[[[1, 0.01], [2, 0.99]], [[1, 0.01], [2, 0.99]], [[50, 0.01], [75, 0.015], [100, 0.975]], [[50, 0.01], [75, 0.015], [100, 0.975]], [[100, 0.01], [150, 0.015], [200, 0.975]], [[100, 0.01], [150, 0.015], [200, 0.975]], [[200, 0.01], [300, 0.015], [400, 0.975]], [[200, 0.01], [300, 0.015], [400, 0.975]], [[200, 0.01], [300, 0.015], [400, 0.975]], [[1000, 0.01], [1500, 0.015], [2000, 0.975]]]
C=[[[0.02306, 0.975], [0.03459, 0.015], [0.04612, 0.01]], [[0.0117, 0.975], [0.01755, 0.015], [0.0234, 0.01]], [[1.27402, 0.975], [1.91102, 0.015], [2.54803, 0.01]], [[2.31595, 0.975], [3.47392, 0.015], [4.63189, 0.01]], [[7.22005, 0.975], [10.83008, 0.015], [14.44011, 0.01]], [[5.57614, 0.975], [8.36421, 0.015], [11.15228, 0.01]], [[26.62343, 0.975], [39.93515, 0.015], [53.24686, 0.01]], [[48.40701, 0.975], [72.61051, 0.015], [96.81401, 0.01]], [[17.43353, 0.975], [26.15029, 0.015], [34.86706, 0.01]], [[103.1616, 0.975], [154.74241, 0.015], [206.32321, 0.01]]]

T=[[[2, 0.01], [3, 0.015], [4, 0.975]], [[10, 0.01], [15, 0.015], [20, 0.975]], [[10, 0.01], [15, 0.015], [20, 0.975]], [[20, 0.01], [30, 0.015], [40, 0.975]], [[20, 0.01], [30, 0.015], [40, 0.975]], [[50, 0.01], [75, 0.015], [100, 0.975]], [[100, 0.01], [150, 0.015], [200, 0.975]], [[100, 0.01], [150, 0.015], [200, 0.975]], [[100, 0.01], [150, 0.015], [200, 0.975]], [[500, 0.01], [750, 0.015], [1000, 0.975]]]
C=[[[0.2785, 0.975], [0.41775, 0.015], [0.557, 0.01]], [[0.05185, 0.975], [0.07778, 0.015], [0.10371, 0.01]], [[0.5134, 0.975], [0.77009, 0.015], [1.02679, 0.01]], [[1.5001, 0.975], [2.25015, 0.015], [3.00021, 0.01]], [[2.54109, 0.975], [3.81163, 0.015], [5.08217, 0.01]], [[6.8496, 0.975], [10.27439, 0.015], [13.69919, 0.01]], [[3.41847, 0.975], [5.1277, 0.015], [6.83694, 0.01]], [[16.45208, 0.975], [24.67813, 0.015], [32.90417, 0.01]], [[5.47613, 0.975], [8.21419, 0.015], [10.95225, 0.01]], [[5.85314, 0.975], [8.77971, 0.015], [11.70627, 0.01]]]

T=[[[1, 0.01], [2, 0.99]], [[1, 0.01], [2, 0.99]], [[2, 0.01], [3, 0.015], [4, 0.975]], [[5, 0.01], [8, 0.015], [10, 0.975]], [[5, 0.01], [8, 0.015], [10, 0.975]], [[5, 0.01], [8, 0.015], [10, 0.975]], [[10, 0.01], [15, 0.015], [20, 0.975]], [[20, 0.01], [30, 0.015], [40, 0.975]], [[20, 0.01], [30, 0.015], [40, 0.975]], [[200, 0.01], [300, 0.015], [400, 0.975]]]
C=[[[0.02073, 0.975], [0.0311, 0.015], [0.04146, 0.01]], [[0.05601, 0.975], [0.08402, 0.015], [0.11203, 0.01]], [[0.11941, 0.975], [0.17911, 0.015], [0.23881, 0.01]], [[0.20214, 0.975], [0.30321, 0.015], [0.40428, 0.01]], [[0.44969, 0.975], [0.67453, 0.015], [0.89937, 0.01]], [[0.0047, 0.975], [0.00705, 0.015], [0.0094, 0.01]], [[0.07353, 0.975], [0.1103, 0.015], [0.14707, 0.01]], [[2.40993, 0.975], [3.61489, 0.015], [4.81985, 0.01]], [[3.12362, 0.975], [4.68543, 0.015], [6.24724, 0.01]], [[49.6433, 0.975], [74.46495, 0.015], [99.2866, 0.01]]]

